id,prompt,summary,code,translation,correction,correction_tag,generated_code
62e60f43d76274f8a4026e28,"Convert nanoseconds to a time in fixed format.
def hydrate_time(nanoseconds, tz=None):

Hydrator for `Time` and `LocalTime` values.

:param nanoseconds:
:param tz:
:return: Time",Convert nanoseconds to a time in fixed format.,"def hydrate_time(nanoseconds, tz=None):
","Convertir nanosegundos a un tiempo en formato fijo.
```python
def hydrate_time(nanoseconds, tz=None):
```

Hidratador para valores de `Time` y `LocalTime`.

:param nanoseconds:  
:param tz:  
:return: Tiempo","def hydrate_time(nanoseconds, tz=None):
""""""
Hidratador para valores de `Time` y `LocalTime`.

:param nanoseconds:  
:param tz:  
:return: Time
""""""","['RemoveProgrammingLanguageContext', 'RollbackPartialVarTranslation']","def hydrate_time(nanoseconds, tz=None):
    """"""
    Hidratador para valores de `Time` y `LocalTime`.

    :param nanoseconds:  
    :param tz:  
    :return: Time
    """"""
    from datetime import datetime, timezone, timedelta

    if tz is None:
        tz = timezone.utc

    # Convert nanoseconds to seconds
    seconds = nanoseconds / 1_000_000_000
    # Create a datetime object in the specified timezone
    time = datetime.fromtimestamp(seconds, tz)
    
    return time"
62e60f3bd76274f8a4026e10,"Use the value in timedelta to generate the Structure class.
def dehydrate_timedelta(value):

Dehydrator for `timedelta` values.

:param value:
:type value: timedelta
:return:",Use the value in timedelta to generate the Structure class.,"def dehydrate_timedelta(value):
","Usa el valor en `timedelta` para generar la clase `Structure`.
```python
def dehydrate_timedelta(value):
```

Deshidratador para valores de `timedelta`.

:param value:  
:type value: timedelta  
:return:  ","def dehydrate_timedelta(value):
""""""
Deshidratador para valores de `timedelta`.

:param value:  
:type value: timedelta  
:return:  
""""""",['RemoveProgrammingLanguageContext'],"from datetime import timedelta

def dehydrate_timedelta(value):
    """"""
    Deshidratador para valores de `timedelta`.

    :param value: 
    :type value: timedelta  
    :return: 
    """"""
    if not isinstance(value, timedelta):
        raise ValueError(""El valor debe ser una instancia de timedelta."")
    
    total_seconds = int(value.total_seconds())
    days = total_seconds // 86400
    hours = (total_seconds % 86400) // 3600
    minutes = (total_seconds % 3600) // 60
    seconds = total_seconds % 60
    
    return {
        'days': days,
        'hours': hours,
        'minutes': minutes,
        'seconds': seconds
    }"
62e60f37d76274f8a4026dfd,"Use ticks in the Time class to generate the Structure class.
def dehydrate_time(value):

Dehydrator for `time` values.

:param value:
:type value: Time
:return:",Use ticks in the Time class to generate the Structure class.,"def dehydrate_time(value):
","Usa ticks en la clase Time para generar la clase Structure.
def dehydrate_time(value):
```

Deshidratador para valores de tipo `time`.

:param value:  
:type value: Time  
:return:  ","def dehydrate_time(value):
""""""
Deshidratador para valores de tipo `time`.

:param value:  
:type value: Time  
:return:  
""""""","['RemoveProgrammingLanguageContext', 'AddQuotesForEnglishWordsInText']","def dehydrate_time(value):
    """"""
    Deshidratador para valores de tipo `time`.

    :param value: A time object to be dehydrated.
    :type value: time  
    :return: A string representation of the time in 'HH:MM:SS' format.
    """"""
    if value is None:
        return None
    return value.strftime('%H:%M:%S')"
62e60f33d76274f8a4026de9,"The structure class is generated based on the value length.
def dehydrate_point(value):

Dehydrator for Point data.

:param value:
:type value: Point
:return:",The structure class is generated based on the value length.,"def dehydrate_point(value):
","La clase de estructura se genera en función de la longitud del valor.  
def dehydrate_point(value):  

Deshidratador para datos de tipo Point.  

:param value:  
:type value: Point  
:return:  ","def dehydrate_point(value):  
""""""
Deshidratador para datos de tipo `Point`.  

:param value:  
:type value: Point  
:return:  
""""""","['RemoveEncodedAccentInText', 'AddQuotesForEnglishWordsInText', 'FixTranslation']","def dehydrate_point(value):  
    """"""
    Deshidratador para datos de tipo `Point`.  

    :param value:  
    :type value: Point  
    :return:  
    """"""
    if not isinstance(value, Point):
        raise ValueError(""Expected a Point instance"")
    
    return {
        'x': value.x,
        'y': value.y
    }"
62e60ed4d76274f8a4026da0,"Returns the __keys property of a class as a List
def keys(self):

Return the keys of the record.

:return: list of key names",Returns the __keys property of a class as a List,"def keys(self):
","Devuelve la propiedad __keys de una clase como una Lista  
def keys(self):  

Devuelve las claves del registro.  

:return: lista de nombres de claves  ","def keys(self):
""""""
Devuelve las claves del registro.

:return: lista de nombres de claves
""""""","['AddQuotesForEnglishWordsInText', 'RemoveExtraWhitespaces']","def keys(self):
    """"""
    Devuelve las claves del registro.

    :return: lista de nombres de claves
    """"""
    return list(self._registry.keys())"
62e60ecfd76274f8a4026d6a,"Different forms of Bolt protocol handlers are returned based on the value of protocol_version.
def protocol_handlers(cls, protocol_version=None):

Return a dictionary of available Bolt protocol handlers,
keyed by version tuple. If an explicit protocol version is
provided, the dictionary will contain either zero or one items,
depending on whether that version is supported. If no protocol
version is provided, all available versions will be returned.

:param protocol_version: tuple identifying a specific protocol
    version (e.g. (3, 5)) or None
:return: dictionary of version tuple to handler class for all
    relevant and supported protocol versions
:raise TypeError: if protocol version is not passed in a tuple",Different forms of Bolt protocol handlers are returned based on the value of protocol_version.,"def protocol_handlers(cls, protocol_version=None):
","Diferentes formas de manejadores del protocolo Bolt se devuelven según el valor de `protocol_version`.

```python
def protocol_handlers(cls, protocol_version=None):
```

Devuelve un diccionario de los manejadores disponibles del protocolo Bolt, indexados por una tupla de versión. Si se proporciona una versión de protocolo explícita, el diccionario contendrá cero o un elemento, dependiendo de si esa versión es compatible. Si no se proporciona ninguna versión de protocolo, se devolverán todas las versiones disponibles.

:param protocol_version: tupla que identifica una versión específica del protocolo 
    (por ejemplo, (3, 5)) o None
:return: diccionario que mapea una tupla de versión a la clase del manejador para 
    todas las versiones relevantes y compatibles del protocolo
:raise TypeError: si la versión del protocolo no se pasa como una tupla","def protocol_handlers(cls, protocol_version=None):
""""""
Devuelve un diccionario de los manejadores disponibles del protocolo Bolt, indexados por una tupla de versión. Si se proporciona una versión de protocolo explícita, el diccionario contendrá cero o un elemento, dependiendo de si esa versión es soportada. Si no se proporciona ninguna versión de protocolo, se devolverán todas las versiones disponibles.

:param protocol_version: tupla que identifica una versión específica del protocolo 
    (por ejemplo, (3, 5)) o None
:return: diccionario que mapea una tupla de versión a la clase del manejador para 
    todas las versiones relevantes y compatibles del protocolo
:raise TypeError: si la versión del protocolo no se pasa como una tupla
""""""","['RemoveProgrammingLanguageContext', 'RemoveEncodedAccentInText', 'FixTranslation']","def protocol_handlers(cls, protocol_version=None):
    """"""
    Devuelve un diccionario de los manejadores disponibles del protocolo Bolt, indexados por una tupla de versión. Si se proporciona una versión de protocolo explícita, el diccionario contendrá cero o un elemento, dependiendo de si esa versión es soportada. Si no se proporciona ninguna versión de protocolo, se devolverán todas las versiones disponibles.

    :param protocol_version: tupla que identifica una versión específica del protocolo 
        (por ejemplo, (3, 5)) o None
    :return: diccionario que mapea una tupla de versión a la clase del manejador para 
        todas las versiones relevantes y compatibles del protocolo
    :raise TypeError: si la versión del protocolo no se pasa como una tupla
    """"""
    if protocol_version is not None and not isinstance(protocol_version, tuple):
        raise TypeError(""La versión del protocolo debe ser una tupla"")

    # Suponiendo que hay un diccionario de manejadores de protocolo
    handlers = {
        (3, 5): ""HandlerFor3_5"",
        (4, 0): ""HandlerFor4_0"",
        (4, 1): ""HandlerFor4_1"",
    }

    if protocol_version is not None:
        return {protocol_version: handlers.get(protocol_version)} if protocol_version in handlers else {}

    return handlers"
62e60e49d76274f8a4026d25,"Returns a decorator with metadata and timeout attributes.
def unit_of_work(metadata=None, timeout=None):

This function is a decorator for transaction functions that allows extra control over how the transaction is carried out.

For example, a timeout may be applied::

    from neo4j import unit_of_work

    @unit_of_work(timeout=100)
    def count_people_tx(tx):
        result = tx.run(""MATCH (a:Person) RETURN count(a) AS persons"")
        record = result.single()
        return record[""persons""]

:param metadata:
    a dictionary with metadata.
    Specified metadata will be attached to the executing transaction and visible in the output of ``dbms.listQueries`` and ``dbms.listTransactions`` procedures.
    It will also get logged to the ``query.log``.
    This functionality makes it easier to tag transactions and is equivalent to ``dbms.setTXMetaData`` procedure, see https://neo4j.com/docs/operations-manual/current/reference/procedures/ for procedure reference.
:type metadata: dict

:param timeout:
    the transaction timeout in seconds.
    Transactions that execute longer than the configured timeout will be terminated by the database.
    This functionality allows to limit query/transaction execution time.
    Specified timeout overrides the default timeout configured in the database using ``dbms.transaction.timeout`` setting.
    Value should not represent a negative duration.
    A zero duration will make the transaction execute indefinitely.
    None will use the default timeout configured in the database.
:type timeout: float or :const:`None`",Returns a decorator with metadata and timeout attributes.,"def unit_of_work(metadata=None, timeout=None):
","Devuelve un decorador con atributos de metadatos y tiempo de espera (timeout).  
`def unit_of_work(metadata=None, timeout=None):`

Esta función es un decorador para funciones de transacción que permite un control adicional sobre cómo se lleva a cabo la transacción.

Por ejemplo, se puede aplicar un tiempo de espera (timeout)::

```python
from neo4j import unit_of_work

@unit_of_work(timeout=100)
def count_people_tx(tx):
    result = tx.run(""MATCH (a:Person) RETURN count(a) AS persons"")
    record = result.single()
    return record[""persons""]
```

**:param metadata:**  
Un diccionario con metadatos.  
Los metadatos especificados se adjuntarán a la transacción en ejecución y serán visibles en la salida de los procedimientos ``dbms.listQueries`` y ``dbms.listTransactions``.  
También se registrarán en el archivo ``query.log``.  
Esta funcionalidad facilita etiquetar transacciones y es equivalente al procedimiento ``dbms.setTXMetaData``. Consulte la referencia del procedimiento en: https://neo4j.com/docs/operations-manual/current/reference/procedures/.  
**:type metadata:** dict  

**:param timeout:**  
El tiempo de espera de la transacción en segundos.  
Las transacciones que se ejecuten durante más tiempo que el tiempo de espera configurado serán terminadas por la base de datos.  
Esta funcionalidad permite limitar el tiempo de ejecución de consultas/transacciones.  
El tiempo de espera especificado sobrescribe el tiempo de espera predeterminado configurado en la base de datos mediante la configuración ``dbms.transaction.timeout``.  
El valor no debe representar una duración negativa.  
Una duración de cero hará que la transacción se ejecute indefinidamente.  
Un valor de `None` utilizará el tiempo de espera predeterminado configurado en la base de datos.  
**:type timeout:** float o :const:`None`","def unit_of_work(metadata=None, timeout=None):`
""""""
Esta función es un decorador para funciones de transacción que permite un control adicional sobre cómo se lleva a cabo la transacción.

Por ejemplo, se puede aplicar un tiempo de espera (timeout)::

from neo4j import unit_of_work

@unit_of_work(timeout=100)
def count_people_tx(tx):
    result = tx.run(""MATCH (a:Person) RETURN count(a) AS persons"")
    record = result.single()
    return record[""persons""]

:param metadata:
Un diccionario con metadatos.  
Los metadatos especificados se adjuntarán a la transacción en ejecución y serán visibles en la salida de los procedimientos ``dbms.listQueries`` y ``dbms.listTransactions``.  
También se registrarán en el archivo ``query.log``.  
Esta funcionalidad facilita etiquetar transacciones y es equivalente al procedimiento ``dbms.setTXMetaData``. Consulte la referencia del procedimiento en: https://neo4j.com/docs/operations-manual/current/reference/procedures/.  
:type metadata: dict  

:param timeout:  
El tiempo de espera de la transacción en segundos.  
Las transacciones que se ejecuten durante más tiempo que el tiempo de espera configurado serán terminadas por la base de datos.  
Esta funcionalidad permite limitar el tiempo de ejecución de consultas/transacciones.  
El tiempo de espera especificado sobrescribe el tiempo de espera predeterminado configurado en la base de datos mediante la configuración ``dbms.transaction.timeout``.  
El valor no debe representar una duración negativa.  
Una duración de cero hará que la transacción se ejecute indefinidamente.  
Un valor de `None` utilizará el tiempo de espera predeterminado configurado en la base de datos.  
:type timeout: float o :const:`None`
""""""","['RemoveEncodedAccentInText', 'RemoveProgrammingLanguageContext']","def unit_of_work(metadata=None, timeout=None):
    """"""
    Esta función es un decorador para funciones de transacción que permite un control adicional sobre cómo se lleva a cabo la transacción.

    Por ejemplo, se puede aplicar un tiempo de espera (timeout)::

    from neo4j import unit_of_work

    @unit_of_work(timeout=100)
    def count_people_tx(tx):
        result = tx.run(""MATCH (a:Person) RETURN count(a) AS persons"")
        record = result.single()
        return record[""persons""]

    :param metadata:
    Un diccionario con metadatos.  
    Los metadatos especificados se adjuntarán a la transacción en ejecución y serán visibles en la salida de los procedimientos ``dbms.listQueries`` y ``dbms.listTransactions``.  
    También se registrarán en el archivo ``query.log``.  
    Esta funcionalidad facilita etiquetar transacciones y es equivalente al procedimiento ``dbms.setTXMetaData``. Consulte la referencia del procedimiento en: https://neo4j.com/docs/operations-manual/current/reference/procedures/.  
    :type metadata: dict  

    :param timeout:  
    El tiempo de espera de la transacción en segundos.  
    Las transacciones que se ejecuten durante más tiempo que el tiempo de espera configurado serán terminadas por la base de datos.  
    Esta funcionalidad permite limitar el tiempo de ejecución de consultas/transacciones.  
    El tiempo de espera especificado sobrescribe el tiempo de espera predeterminado configurado en la base de datos mediante la configuración ``dbms.transaction.timeout``.  
    El valor no debe representar una duración negativa.  
    Una duración de cero hará que la transacción se ejecute indefinidamente.  
    Un valor de `None` utilizará el tiempo de espera predeterminado configurado en la base de datos.  
    :type timeout: float o :const:`None`
    """"""
    def decorator(func):
        def wrapper(*args, **kwargs):
            # Aquí se implementaría la lógica para manejar la transacción
            # y aplicar los metadatos y el tiempo de espera.
            pass  # Lógica de la transacción aquí
        return wrapper
    return decorator"
62e60e05d76274f8a4026cfd,"Returns the key in the form of int.
def index(self, key):

Return the index of the given item.

:param key: a key
:return: index
:rtype: int",Returns the key in the form of int.,"def index(self, key):
","Devuelve la clave en forma de entero.  
```python
def index(self, key):
```

Devuelve el índice del elemento dado.

:param key: una clave  
:return: índice  
:rtype: int  ","def index(self, key):
""""""
Devuelve el índice del elemento dado.

:param key: una clave  
:return: index  
:rtype: int
""""""","['RemoveEncodedAccentInText', 'RemoveProgrammingLanguageContext', 'RollbackPartialVarTranslation']","def index(self, key):
    """"""
    Devuelve el índice del elemento dado.

    :param key: una clave  
    :return: index  
    :rtype: int
    """"""
    for i, item in enumerate(self):
        if item == key:
            return i
    raise ValueError(f""{key} no está en la lista"")"
62e60da4d76274f8a4026cf1,"Returns the key filtered by self.index in the form of a list.
def values(self, *keys):

Return the values of the record, optionally filtering to
include only certain values by index or key.

:param keys: indexes or keys of the items to include; if none
             are provided, all values will be included
:return: list of values
:rtype: list",Returns the key filtered by self.index in the form of a list.,"def values(self, *keys):
","Devuelve la clave filtrada por `self.index` en forma de una lista.

```python
def values(self, *keys):
```

Devuelve los valores del registro, opcionalmente filtrando para incluir solo ciertos valores por índice o clave.

:param keys: índices o claves de los elementos a incluir; si no se proporcionan, se incluirán todos los valores  
:return: lista de valores  
:rtype: list","def values(self, *keys):
""""""
Devuelve los valores del registro, filtrando opcionalmente para incluir solo ciertos valores por índice o clave.

:param keys: índices o claves de los elementos a incluir; si no se proporcionan, se incluirán todos los valores  
:return: lista de valores  
:rtype: list
""""""","['RemoveEncodedAccentInText', 'RemoveProgrammingLanguageContext', 'FixTranslation']","def values(self, *keys):
    """"""
    Devuelve los valores del registro, filtrando opcionalmente para incluir solo ciertos valores por índice o clave.

    :param keys: índices o claves de los elementos a incluir; si no se proporcionan, se incluirán todos los valores  
    :return: lista de valores  
    :rtype: list
    """"""
    if not keys:
        return list(self.data.values())
    return [self.data[key] for key in keys if key in self.data]"
62e60b10d76274f8a4026ccd,"Returns the keys processed by the transform method of the RecordExporter class.
def data(self, *keys):

Return the keys and values of this record as a dictionary,
optionally including only certain values by index or key. Keys
provided in the items that are not in the record will be
inserted with a value of :const:`None`; indexes provided
that are out of bounds will trigger an :exc:`IndexError`.

:param keys: indexes or keys of the items to include; if none
              are provided, all values will be included
:return: dictionary of values, keyed by field name
:raises: :exc:`IndexError` if an out-of-bounds index is specified",Returns the keys processed by the transform method of the RecordExporter class.,"def data(self, *keys):
","Devuelve las claves procesadas por el método `transform` de la clase `RecordExporter`.

```python
def data(self, *keys):
```

Devuelve las claves y valores de este registro como un diccionario, opcionalmente incluyendo solo ciertos valores por índice o clave. Las claves proporcionadas en los elementos que no están en el registro se insertarán con un valor de :const:`None`; los índices proporcionados que estén fuera de los límites generarán una excepción :exc:`IndexError`.

:param keys: índices o claves de los elementos a incluir; si no se proporciona ninguno, se incluirán todos los valores.  
:return: diccionario de valores, indexado por el nombre del campo.  
:raises: :exc:`IndexError` si se especifica un índice fuera de los límites.  ","def data(self, *keys):
""""""
Devuelve las claves y valores de este registro como un diccionario, opcionalmente incluyendo solo ciertos valores por índice o clave. Las claves proporcionadas en los elementos que no están en el registro se insertarán con un valor de :const:`None`; los índices proporcionados que están fuera de los límites generarán una excepción :exc:`IndexError`.

:param keys: índices o claves de los elementos a incluir; si no se proporciona ninguno, se incluirán todos los valores.
:return: diccionario de valores, indexado por el nombre del campo.  
:raises: :exc:`IndexError` si se especifica un índice fuera de los límites.  
""""""","['RemoveEncodedAccentInText', 'RemoveProgrammingLanguageContext']","def data(self, *keys):
    """"""
    Devuelve las claves y valores de este registro como un diccionario, opcionalmente incluyendo solo ciertos valores por índice o clave. Las claves proporcionadas en los elementos que no están en el registro se insertarán con un valor de :const:`None`; los índices proporcionados que están fuera de los límites generarán una excepción :exc:`IndexError`.

    :param keys: índices o claves de los elementos a incluir; si no se proporciona ninguno, se incluirán todos los valores.
    :return: diccionario de valores, indexado por el nombre del campo.  
    :raises: :exc:`IndexError` si se especifica un índice fuera de los límites.  
    """"""
    if not keys:
        return {key: getattr(self, key, None) for key in self.__dict__}

    result = {}
    for key in keys:
        if isinstance(key, int):
            if key < 0 or key >= len(self):
                raise IndexError(""Índice fuera de los límites."")
            result[self.keys()[key]] = self[self.keys()[key]]
        else:
            result[key] = getattr(self, key, None)

    return result"
62e6087bd76274f8a4026bfa,"Remove the last two elements in self.data and return
def pop_u16(self):

Remove the last two bytes of data, returning them as a big-endian
16-bit unsigned integer.",Remove the last two elements in self.data and return,"def pop_u16(self):
","Eliminar los dos últimos elementos en self.data y devolverlos  
def pop_u16(self):  

Elimina los últimos dos bytes de `self.data`, devolviéndolos como un entero sin signo de 16 bits en formato big-endian.","def pop_u16(self):
""""""
Elimina los últimos dos bytes de `self.data`, devolviéndolos como un entero sin signo de 16 bits en formato big-endian.
""""""","['RemoveEncodedAccentInText', 'RemoveExtraSpaces', 'AddQuotesForEnglishWordsInText']","def pop_u16(self):
    """"""
    Elimina los últimos dos bytes de `self.data`, devolviéndolos como un entero sin signo de 16 bits en formato big-endian.
    """"""
    if len(self.data) < 2:
        raise ValueError(""Not enough data to pop 16 bits."")
    
    # Extraer los últimos dos bytes
    last_two_bytes = self.data[-2:]
    
    # Eliminar los últimos dos bytes de self.data
    self.data = self.data[:-2]
    
    # Convertir los bytes a un entero sin signo de 16 bits en formato big-endian
    return int.from_bytes(last_two_bytes, byteorder='big', signed=False)"
62e6087ad76274f8a4026bf2,"def discard(self, n=-1, qid=-1, dehydration_hooks=None,
                hydration_hooks=None, **handlers):

Appends a DISCARD message to the output queue.

:param n: number of records to discard, default = -1 (ALL)
:param qid: query ID to discard for, default = -1 (last query)
:param dehydration_hooks:
    Hooks to dehydrate types (dict from type (class) to dehydration
    function). Dehydration functions receive the value and returns an
    object of type understood by packstream.
:param hydration_hooks:
    Hooks to hydrate types (mapping from type (class) to
    dehydration function). Dehydration functions receive the value of
    type understood by packstream and are free to return anything.
:param handlers: handler functions passed into the returned Response object","Appends a DISCARD message to the output queue.

:param n: number of records to discard, default = -1 (ALL)
:param qid: query ID to discard for, default = -1 (last query)
:param dehydration_hooks:
    Hooks to dehydrate types (dict from type (class) to dehydration
    function). Dehydration functions receive the value and returns an
    object of type understood by packstream.
:param hydration_hooks:
    Hooks to hydrate types (mapping from type (class) to
    dehydration function). Dehydration functions receive the value of
    type understood by packstream and are free to return anything.
:param handlers: handler functions passed into the returned Response object","def discard(self, n=-1, qid=-1, dehydration_hooks=None,
                hydration_hooks=None, **handlers):
","```python
def discard(self, n=-1, qid=-1, dehydration_hooks=None,
                hydration_hooks=None, **handlers):

Añade un mensaje DISCARD a la cola de salida.

:param n: número de registros a descartar, por defecto = -1 (TODOS)
:param qid: ID de consulta para descartar, por defecto = -1 (última consulta)
:param dehydration_hooks:
    Ganchos para deshidratar tipos (diccionario de tipo (clase) a función
    de deshidratación). Las funciones de deshidratación reciben el valor y
    devuelven un objeto de un tipo entendido por packstream.
:param hydration_hooks:
    Ganchos para hidratar tipos (mapeo de tipo (clase) a función de
    hidratación). Las funciones de hidratación reciben el valor de un tipo
    entendido por packstream y son libres de devolver cualquier cosa.
:param handlers: funciones manejadoras pasadas al objeto Response devuelto
```","def discard(self, n=-1, qid=-1, dehydration_hooks=None,
                hydration_hooks=None, **handlers):
""""""
Añade un mensaje 'DISCARD' a la cola de salida.

:param n: número de registros a descartar, por defecto = -1 (TODOS)
:param qid: ID de consulta para descartar, por defecto = -1 (última consulta)
:param dehydration_hooks:
    Ganchos para deshidratar tipos (diccionario de tipo (clase) a función
    de deshidratación). Las funciones de deshidratación reciben el valor y devuelven un objeto de un tipo entendido por 'packstream'.
:param hydration_hooks:
    Ganchos para hidratar tipos (mapeo de tipo (clase) a función de
 hidratación). Las funciones de hidratación reciben el valor de un tipo
    entendido por 'packstream' y son libres de devolver cualquier cosa.
:param handlers: funciones manejadoras pasadas al objeto 'Response' devuelto
``
""""""","['RemoveEncodedAccentInText', 'RemoveProgrammingLanguageContext', 'AddQuotesForEnglishWordsInText']","def discard(self, n=-1, qid=-1, dehydration_hooks=None,
            hydration_hooks=None, **handlers):
    """"""
    Añade un mensaje 'DISCARD' a la cola de salida.

    :param n: número de registros a descartar, por defecto = -1 (TODOS)
    :param qid: ID de consulta para descartar, por defecto = -1 (última consulta)
    :param dehydration_hooks:
        Ganchos para deshidratar tipos (diccionario de tipo (clase) a función
        de deshidratación). Las funciones de deshidratación reciben el valor y devuelven un objeto de un tipo entendido por 'packstream'.
    :param hydration_hooks:
        Ganchos para hidratar tipos (mapeo de tipo (clase) a función de
        hidratación). Las funciones de hidratación reciben el valor de un tipo
        entendido por 'packstream' y son libres de devolver cualquier cosa.
    :param handlers: funciones manejadoras pasadas al objeto 'Response' devuelto
    """"""
    # Implementación del método
    if dehydration_hooks is None:
        dehydration_hooks = {}
    if hydration_hooks is None:
        hydration_hooks = {}

    # Aquí se añadiría la lógica para manejar el mensaje 'DISCARD'
    # y utilizar los ganchos de deshidratación e hidratación según sea necesario.
    
    # Ejemplo de lógica (esto es solo un esqueleto y no funcional):
    message = {
        'type': 'DISCARD',
        'n': n,
        'qid': qid,
        'dehydration_hooks': dehydration_hooks,
        'hydration_hooks': hydration_hooks,
        'handlers': handlers
    }
    
    # Suponiendo que hay una cola de salida a la que se añade el mensaje
    self.output_queue.append(message)"
62e60879d76274f8a4026bec,"def begin(self, mode=None, bookmarks=None, metadata=None, timeout=None,
              db=None, imp_user=None, dehydration_hooks=None,
              hydration_hooks=None, **handlers):

Appends a BEGIN message to the output queue.

:param mode: access mode for routing - ""READ"" or ""WRITE"" (default)
:param bookmarks: iterable of bookmark values after which this transaction should begin
:param metadata: custom metadata dictionary to attach to the transaction
:param timeout: timeout for transaction execution (seconds)
:param db: name of the database against which to begin the transaction
    Requires Bolt 4.0+.
:param imp_user: the user to impersonate
    Requires Bolt 4.4+
:param dehydration_hooks:
    Hooks to dehydrate types (dict from type (class) to dehydration
    function). Dehydration functions receive the value and returns an
    object of type understood by packstream.
:param hydration_hooks:
    Hooks to hydrate types (mapping from type (class) to
    dehydration function). Dehydration functions receive the value of
    type understood by packstream and are free to return anything.
:param handlers: handler functions passed into the returned Response object
:return: Response object","Appends a BEGIN message to the output queue.

:param mode: access mode for routing - ""READ"" or ""WRITE"" (default)
:param bookmarks: iterable of bookmark values after which this transaction should begin
:param metadata: custom metadata dictionary to attach to the transaction
:param timeout: timeout for transaction execution (seconds)
:param db: name of the database against which to begin the transaction
    Requires Bolt 4.0+.
:param imp_user: the user to impersonate
    Requires Bolt 4.4+
:param dehydration_hooks:
    Hooks to dehydrate types (dict from type (class) to dehydration
    function). Dehydration functions receive the value and returns an
    object of type understood by packstream.
:param hydration_hooks:
    Hooks to hydrate types (mapping from type (class) to
    dehydration function). Dehydration functions receive the value of
    type understood by packstream and are free to return anything.
:param handlers: handler functions passed into the returned Response object
:return: Response object","def begin(self, mode=None, bookmarks=None, metadata=None, timeout=None,
              db=None, imp_user=None, dehydration_hooks=None,
              hydration_hooks=None, **handlers):
","```python
def begin(self, mode=None, bookmarks=None, metadata=None, timeout=None,
              db=None, imp_user=None, dehydration_hooks=None,
              hydration_hooks=None, **handlers):

Añade un mensaje BEGIN a la cola de salida.

:param mode: modo de acceso para el enrutamiento - ""READ"" o ""WRITE"" (por defecto)
:param bookmarks: iterable de valores de marcadores después de los cuales debería comenzar esta transacción
:param metadata: diccionario de metadatos personalizados para adjuntar a la transacción
:param timeout: tiempo de espera para la ejecución de la transacción (en segundos)
:param db: nombre de la base de datos contra la cual iniciar la transacción
    Requiere Bolt 4.0+.
:param imp_user: el usuario a suplantar
    Requiere Bolt 4.4+.
:param dehydration_hooks:
    Ganchos para deshidratar tipos (diccionario de tipo (clase) a función de deshidratación). 
    Las funciones de deshidratación reciben el valor y devuelven un objeto de tipo entendido por packstream.
:param hydration_hooks:
    Ganchos para hidratar tipos (mapeo de tipo (clase) a función de hidratación). 
    Las funciones de hidratación reciben el valor de un tipo entendido por packstream y son libres de devolver cualquier cosa.
:param handlers: funciones manejadoras pasadas al objeto Response devuelto
:return: objeto Response
```","def begin(self, mode=None, bookmarks=None, metadata=None, timeout=None,
              db=None, imp_user=None, dehydration_hooks=None,
              hydration_hooks=None, **handlers):
""""""
Añade un mensaje 'BEGIN' a la cola de salida.

:param mode: modo de acceso para el enrutamiento - ""READ"" o ""WRITE"" (por defecto)
:param bookmarks: iterable de valores de marcadores después de los cuales debería comenzar esta transacción
:param metadata: diccionario de metadatos personalizados para adjuntar a la transacción
:param timeout: tiempo de espera para la ejecución de la transacción (en segundos)
:param db: nombre de la base de datos contra la cual iniciar la transacción
    Requiere Bolt 4.0+.
:param imp_user: el usuario a suplantar
    Requiere Bolt 4.4+.
:param dehydration_hooks:
    Ganchos para deshidratar tipos (diccionario de tipo (clase) a función de deshidratación). 
    Las funciones de deshidratación reciben el valor y devuelven un objeto de tipo entendido por 'packstream'.
:param hydration_hooks:
    Ganchos para hidratar tipos (mapeo de tipo (clase) a función de hidratación). 
    Las funciones de hidratación reciben el valor de un tipo entendido por 'packstream' y son libres de devolver cualquier cosa.
:param handlers: funciones manejadoras pasadas al objeto 'Response' devuelto
:return: objeto 'Response'
""""""","['RemoveEncodedAccentInText', 'RemoveProgrammingLanguageContext', 'AddQuotesForEnglishWordsInText']","def begin(self, mode=None, bookmarks=None, metadata=None, timeout=None,
          db=None, imp_user=None, dehydration_hooks=None,
          hydration_hooks=None, **handlers):
    """"""
    Añade un mensaje 'BEGIN' a la cola de salida.

    :param mode: modo de acceso para el enrutamiento - ""READ"" o ""WRITE"" (por defecto)
    :param bookmarks: iterable de valores de marcadores después de los cuales debería comenzar esta transacción
    :param metadata: diccionario de metadatos personalizados para adjuntar a la transacción
    :param timeout: tiempo de espera para la ejecución de la transacción (en segundos)
    :param db: nombre de la base de datos contra la cual iniciar la transacción
        Requiere Bolt 4.0+.
    :param imp_user: el usuario a suplantar
        Requiere Bolt 4.4+.
    :param dehydration_hooks:
        Ganchos para deshidratar tipos (diccionario de tipo (clase) a función de deshidratación). 
        Las funciones de deshidratación reciben el valor y devuelven un objeto de tipo entendido por 'packstream'.
    :param hydration_hooks:
        Ganchos para hidratar tipos (mapeo de tipo (clase) a función de hidratación). 
        Las funciones de hidratación reciben el valor de un tipo entendido por 'packstream' y son libres de devolver cualquier cosa.
    :param handlers: funciones manejadoras pasadas al objeto 'Response' devuelto
    :return: objeto 'Response'
    """"""
    # Implementación del método
    response = self._create_response_object(handlers)
    transaction_message = {
        ""mode"": mode or ""WRITE"",
        ""bookmarks"": bookmarks,
        ""metadata"": metadata,
        ""timeout"": timeout,
        ""db"": db,
        ""imp_user"": imp_user,
        ""dehydration_hooks"": dehydration_hooks,
        ""hydration_hooks"": hydration_hooks
    }
    self._queue_message('BEGIN', transaction_message)
    return response"
62e60723d76274f8a4026b75,"Round a floating-point number
def round_half_to_even(n):

>>> round_half_to_even(3)
    3
    >>> round_half_to_even(3.2)
    3
    >>> round_half_to_even(3.5)
    4
    >>> round_half_to_even(3.7)
    4
    >>> round_half_to_even(4)
    4
    >>> round_half_to_even(4.2)
    4
    >>> round_half_to_even(4.5)
    4
    >>> round_half_to_even(4.7)
    5

:param n:
:return:",Round a floating-point number,"def round_half_to_even(n):
","Redondear un número de punto flotante  
```python
def round_half_to_even(n):
```

>>> round_half_to_even(3)  
    3  
>>> round_half_to_even(3.2)  
    3  
>>> round_half_to_even(3.5)  
    4  
>>> round_half_to_even(3.7)  
    4  
>>> round_half_to_even(4)  
    4  
>>> round_half_to_even(4.2)  
    4  
>>> round_half_to_even(4.5)  
    4  
>>> round_half_to_even(4.7)  
    5  

:param n: Número de punto flotante que se desea redondear.  
:return: El número redondeado al entero más cercano, siguiendo la regla de ""redondeo al par más cercano"" (round half to even).  ","def round_half_to_even(n):
""""""
>>> round_half_to_even(3)  
    3  
>>> round_half_to_even(3.2)  
    3  
>>> round_half_to_even(3.5)  
    4  
>>> round_half_to_even(3.7)  
    4  
>>> round_half_to_even(4)  
    4  
>>> round_half_to_even(4.2)  
    4  
>>> round_half_to_even(4.5)  
    4  
>>> round_half_to_even(4.7)  
    5  

:param n:
:return:
""""""","['RemoveEncodedAccentInText', 'RemoveExtraTextAddedWithinTranslation', 'RemoveProgrammingLanguageContext']","def round_half_to_even(n):
    """"""
    >>> round_half_to_even(3)  
        3  
    >>> round_half_to_even(3.2)  
        3  
    >>> round_half_to_even(3.5)  
        4  
    >>> round_half_to_even(3.7)  
        4  
    >>> round_half_to_even(4)  
        4  
    >>> round_half_to_even(4.2)  
        4  
    >>> round_half_to_even(4.5)  
        4  
    >>> round_half_to_even(4.7)  
        5  

    :param n:
    :return:
    """"""
    return round(n)"
62e60707d76274f8a4026b69,"Dynamically Generating Point Class
def point_type(name, fields, srid_map):

Dynamically create a Point subclass.",Dynamically Generating Point Class,"def point_type(name, fields, srid_map):
","Generación Dinámica de la Clase Point  
```python
def point_type(name, fields, srid_map):
```

Crear dinámicamente una subclase de Point.","def point_type(name, fields, srid_map):
""""""
Crear dinámicamente una subclase de 'Point'.
""""""","['AddQuotesForEnglishWordsInText', 'RemoveEncodedAccentInText', 'RemoveProgrammingLanguageContext']","def point_type(name, fields, srid_map):
    """"""
    Crear dinámicamente una subclase de 'Point'.
    """"""
    from shapely.geometry import Point

    class DynamicPoint(Point):
        def __init__(self, *args, **kwargs):
            super().__init__(*args, **kwargs)
            self.fields = fields
            self.srid = srid_map.get(self.srid, None)

        def __repr__(self):
            return f""{name}({super().__repr__()}, fields={self.fields}, srid={self.srid})""

    DynamicPoint.__name__ = name
    return DynamicPoint"
62e5dc9ed76274f8a4026b5b,"Return a decorator function for deprecating functions and methods.
def deprecated(message):

Decorator for deprecating functions and methods.

::

    @deprecated(""'foo' has been deprecated in favour of 'bar'"")
    def foo(x):
        pass",Return a decorator function for deprecating functions and methods.,"def deprecated(message):
","Devuelve una función decoradora para marcar funciones y métodos como obsoletos.  
```python
def deprecated(message):
```

Decorador para marcar funciones y métodos como obsoletos.

::

    @deprecated(""'foo' ha sido marcado como obsoleto en favor de 'bar'"")
    def foo(x):
        pass","def deprecated(message):
""""""

Decorador para marcar funciones y métodos como obsoletos.

::

    @deprecated(""'foo' ha sido marcado como obsoleto en favor de 'bar'"")
    def foo(x):
        pass
""""""","['RemoveEncodedAccentInText', 'RemoveProgrammingLanguageContext']","def deprecated(message):
    def decorator(func):
        def wrapper(*args, **kwargs):
            print(f""Warning: {message}"")
            return func(*args, **kwargs)
        return wrapper
    return decorator"
62e4fc3c85ea98643089041e,"def _inline_r_setup(code: str) -> str:

Some behaviour of R cannot be configured via env variables, but can
only be configured via R options once R has started. These are set here.","Some behaviour of R cannot be configured via env variables, but can
only be configured via R options once R has started. These are set here.","def _inline_r_setup(code: str) -> str:
","```python
def _inline_r_setup(code: str) -> str:
```

Algunos comportamientos de R no pueden configurarse mediante variables de entorno, sino que solo pueden configurarse a través de opciones de R una vez que R ha iniciado. Estas se configuran aquí.","def _inline_r_setup(code: str) -> str:
""""""
Algunos comportamientos de R no pueden configurarse mediante variables de entorno, sino que solo pueden configurarse a través de opciones de R una vez que R ha iniciado. Estas se configuran aquí.
""""""",['RemoveProgrammingLanguageContext'],"def _inline_r_setup(code: str) -> str:
    """"""
    Algunos comportamientos de R no pueden configurarse mediante variables de entorno, sino que solo pueden configurarse a través de opciones de R una vez que R ha iniciado. Estas se configuran aquí.
    """"""
    import rpy2.robjects as ro

    # Configurar opciones de R
    ro.r('options(stringsAsFactors = FALSE)')
    ro.r('options(scipen = 999)')  # Evitar notación científica
    ro.r('options(max.print = 1000)')  # Limitar la cantidad de impresión

    # Ejecutar el código R proporcionado
    ro.r(code)

    return ""Configuración de R completada y código ejecutado."""
62e4fbda85ea986430890405,"Simplified Implementation of Xargs in Linux
def xargs(
        cmd: tuple[str, ...],
        varargs: Sequence[str],
        *,
        color: bool = False,
        target_concurrency: int = 1,
        _max_length: int = _get_platform_max_length(),
        **kwargs: Any,
) -> tuple[int, bytes]:

A simplified implementation of xargs.

color: Make a pty if on a platform that supports it
target_concurrency: Target number of partitions to run concurrently",Simplified Implementation of Xargs in Linux,"def xargs(
        cmd: tuple[str, ...],
        varargs: Sequence[str],
        *,
        color: bool = False,
        target_concurrency: int = 1,
        _max_length: int = _get_platform_max_length(),
        **kwargs: Any,
) -> tuple[int, bytes]:
","Implementación Simplificada de Xargs en Linux

```python
def xargs(
        cmd: tuple[str, ...],
        varargs: Sequence[str],
        *,
        color: bool = False,
        target_concurrency: int = 1,
        _max_length: int = _get_platform_max_length(),
        **kwargs: Any,
) -> tuple[int, bytes]:
```

Una implementación simplificada de xargs.

- **color**: Crea un pty si está en una plataforma que lo soporte.
- **target_concurrency**: Número objetivo de particiones para ejecutar de forma concurrente.","def xargs(
        cmd: tuple[str, ...],
        varargs: Sequence[str],
        *,
        color: bool = False,
        target_concurrency: int = 1,
        _max_length: int = _get_platform_max_length(),
        **kwargs: Any,
) -> tuple[int, bytes]:
""""""
Una implementación simplificada de xargs.

- color: Crea un pty si está en una plataforma que lo soporte.
- target_concurrency: Número objetivo de particiones para ejecutar de forma concurrente.
""""""",['RemoveProgrammingLanguageContext'],"def xargs(
        cmd: tuple[str, ...],
        varargs: Sequence[str],
        *,
        color: bool = False,
        target_concurrency: int = 1,
        _max_length: int = _get_platform_max_length(),
        **kwargs: Any,
) -> tuple[int, bytes]:
    """"""
    Una implementación simplificada de xargs.

    - color: Crea un pty si está en una plataforma que lo soporte.
    - target_concurrency: Número objetivo de particiones para ejecutar de forma concurrente.
    """"""
    import subprocess
    from multiprocessing import Pool

    def run_command(args):
        return subprocess.run(cmd + args, capture_output=True)

    # Split varargs into chunks based on target_concurrency
    chunk_size = max(1, len(varargs) // target_concurrency)
    chunks = [varargs[i:i + chunk_size] for i in range(0, len(varargs), chunk_size)]

    if color:
        # Create a pseudo-terminal if supported
        import pty
        master, slave = pty.openpty()
        # Use the slave fd for the subprocess
        process = Pool(target_concurrency)
        results = process.map(run_command, chunks)
        process.close()
        process.join()
    else:
        results = [run_command(chunk) for chunk in chunks]

    # Combine results
    return sum(result.returncode for result in results), b''.join(result.stdout for result in results)"
62e4fbda85ea986430890403,"Shuffle a given seq with the given FIXED_RANDOM_SEED
def _shuffled(seq: Sequence[str]) -> list[str]:

Deterministically shuffle",Shuffle a given seq with the given FIXED_RANDOM_SEED,"def _shuffled(seq: Sequence[str]) -> list[str]:
","Barajar una secuencia dada con la SEMILLA_ALEATORIA_FIJA proporcionada  
```python
def _shuffled(seq: Sequence[str]) -> list[str]:
```

Barajar de manera determinista","def _shuffled(seq: Sequence[str]) -> list[str]:
""""""
Barajar de manera determinista
""""""",['RemoveProgrammingLanguageContext'],"import random
from typing import Sequence

def _shuffled(seq: Sequence[str]) -> list[str]:
    """"""
    Barajar de manera determinista
    """"""
    random.seed(0)  # Set a seed for reproducibility
    shuffled_seq = list(seq)
    random.shuffle(shuffled_seq)
    return shuffled_seq"
62e4fb6585ea98643089032b,"Converts a string concatenated by dot to a tuple consisting of integers.
def parse_version(s: str) -> tuple[int, ...]:

poor man's version comparison",Converts a string concatenated by dot to a tuple consisting of integers.,"def parse_version(s: str) -> tuple[int, ...]:
","Convierte una cadena concatenada por puntos en una tupla que consiste en enteros.  
```python
def parse_version(s: str) -> tuple[int, ...]:
```

comparación de versiones rudimentaria","def parse_version(s: str) -> tuple[int, ...]:
""""""
comparación de versiones rudimentaria
""""""",['RemoveProgrammingLanguageContext'],"def parse_version(s: str) -> tuple[int, ...]:
    """"""
    comparación de versiones rudimentaria
    """"""
    return tuple(map(int, s.split('.')))"
62e4fb4d85ea9864308902e7,"Complement the full path to exe and return it in its original form
def normalize_cmd(cmd: tuple[str, ...]) -> tuple[str, ...]:

Fixes for the following issues on windows
- https://bugs.python.org/issue8557
- windows does not parse shebangs

This function also makes deep-path shebangs work just fine",Complement the full path to exe and return it in its original form,"def normalize_cmd(cmd: tuple[str, ...]) -> tuple[str, ...]:
","Complementa la ruta completa al archivo ejecutable y devuélvela en su forma original  
```python
def normalize_cmd(cmd: tuple[str, ...]) -> tuple[str, ...]:
```

Correcciones para los siguientes problemas en Windows:  
- https://bugs.python.org/issue8557  
- Windows no interpreta correctamente los shebangs  

Esta función también permite que los shebangs con rutas profundas funcionen correctamente.","def normalize_cmd(cmd: tuple[str, ...]) -> tuple[str, ...]:
""""""
Correcciones para los siguientes problemas en Windows:  
- https://bugs.python.org/issue8557  
- Windows no interpreta correctamente los 'shebangs'  

Esta función también permite que los 'shebangs' con rutas profundas funcionen correctamente.
""""""","['RemoveProgrammingLanguageContext', 'AddQuotesForEnglishWordsInText']","def normalize_cmd(cmd: tuple[str, ...]) -> tuple[str, ...]:
    """"""
    Correcciones para los siguientes problemas en Windows:  
    - https://bugs.python.org/issue8557  
    - Windows no interpreta correctamente los 'shebangs'  

    Esta función también permite que los 'shebangs' con rutas profundas funcionen correctamente.
    """"""
    if not cmd:
        return cmd

    normalized_cmd = []
    for part in cmd:
        if part.startswith('#!'):
            # Normalize shebang line
            shebang_parts = part.split()
            if len(shebang_parts) > 1:
                shebang_parts[1] = shebang_parts[1].replace('/', '\\')
            normalized_cmd.append(' '.join(shebang_parts))
        else:
            normalized_cmd.append(part.replace('/', '\\'))

    return tuple(normalized_cmd)"
62b8d27a48ba5a41d1c3f4c6,"Returns a decorator function that saves the results in the cache
def cached(cache, key=hashkey, lock=None):

Decorator to wrap a function with a memoizing callable that saves
results in a cache.",Returns a decorator function that saves the results in the cache,"def cached(cache, key=hashkey, lock=None):
","Devuelve una función decoradora que guarda los resultados en la caché  
```python
def cached(cache, key=hashkey, lock=None):
```

Decorador para envolver una función con una llamada que memoriza y guarda  
los resultados en una caché.","def cached(cache, key=hashkey, lock=None):
""""""
Decorador para envolver una función con una llamada que memoriza y guarda  
los resultados en una caché.
""""""",['AddQuotesForEnglishWordsInText'],"def cached(cache, key=hashkey, lock=None):
    """"""
    Decorador para envolver una función con una llamada que memoriza y guarda  
    los resultados en una caché.
    """"""
    def decorator(func):
        def wrapper(*args, **kwargs):
            # Generar la clave de caché
            cache_key = key(*args, **kwargs)
            # Intentar obtener el resultado de la caché
            with (lock or dummy_lock):
                if cache_key in cache:
                    return cache[cache_key]
            # Llamar a la función y almacenar el resultado en la caché
            result = func(*args, **kwargs)
            with (lock or dummy_lock):
                cache[cache_key] = result
            return result
        return wrapper
    return decorator"
62b8d24048ba5a41d1c3f49f,"def ttl_cache(maxsize=128, ttl=600, timer=time.monotonic, typed=False):

Decorator to wrap a function with a memoizing callable that saves
up to `maxsize` results based on a Least Recently Used (LRU)
algorithm with a per-item time-to-live (TTL) value.","Decorator to wrap a function with a memoizing callable that saves
up to `maxsize` results based on a Least Recently Used (LRU)
algorithm with a per-item time-to-live (TTL) value.","def ttl_cache(maxsize=128, ttl=600, timer=time.monotonic, typed=False):
","```python
def ttl_cache(maxsize=128, ttl=600, timer=time.monotonic, typed=False):
```

Decorador para envolver una función con una llamada que memoriza y guarda
hasta `maxsize` resultados, utilizando un algoritmo de ""Menos Usado Recientemente"" (Least Recently Used, LRU)
con un valor de tiempo de vida (TTL, Time-To-Live) por elemento.","def ttl_cache(maxsize=128, ttl=600, timer=time.monotonic, typed=False):
""""""
Decorador para envolver una función con una llamada que memoriza y guarda
hasta `maxsize` resultados, utilizando un algoritmo de ""Menos Usado Recientemente"" (Least Recently Used, LRU) con un valor de tiempo de vida (TTL, Time-To-Live) por elemento.
""""""",['RemoveProgrammingLanguageContext'],"import time
from collections import OrderedDict
from functools import wraps

def ttl_cache(maxsize=128, ttl=600, timer=time.monotonic, typed=False):
    """"""
    Decorador para envolver una función con una llamada que memoriza y guarda
    hasta `maxsize` resultados, utilizando un algoritmo de ""Menos Usado Recientemente"" (Least Recently Used, LRU) con un valor de tiempo de vida (TTL, Time-To-Live) por elemento.
    """"""
    def decorator(func):
        cache = OrderedDict()
        timestamps = {}

        @wraps(func)
        def wrapper(*args, **kwargs):
            key = args if not typed else (args, frozenset(kwargs.items()))
            current_time = timer()

            # Clean up expired items
            if key in cache:
                if current_time - timestamps[key] < ttl:
                    # Move to end to show that it was recently used
                    cache.move_to_end(key)
                    return cache[key]
                else:
                    # Remove expired item
                    del cache[key]
                    del timestamps[key]

            # Call the function and cache the result
            result = func(*args, **kwargs)
            cache[key] = result
            timestamps[key] = current_time

            # Maintain the cache size
            if len(cache) > maxsize:
                cache.popitem(last=False)
                timestamps.popitem(last=False)

            return result

        return wrapper

    return decorator"
62b8d23b48ba5a41d1c3f49a,"def mru_cache(maxsize=128, typed=False):

Decorator to wrap a function with a memoizing callable that saves
up to `maxsize` results based on a Most Recently Used (MRU)
algorithm.","Decorator to wrap a function with a memoizing callable that saves
up to `maxsize` results based on a Most Recently Used (MRU)
algorithm.","def mru_cache(maxsize=128, typed=False):
","```python
def mru_cache(maxsize=128, typed=False):

# Decorador para envolver una función con un objeto invocable que memoriza
# hasta `maxsize` resultados basados en un algoritmo de Más Recientemente Usado (MRU).
```","def mru_cache(maxsize=128, typed=False):
""""""
Decorador para envolver una función con un objeto invocable que memoriza hasta `maxsize` resultados basados en un algoritmo de Más Recientemente Usado (MRU).
""""""","['RemoveProgrammingLanguageContext', 'RemoveExtraSpecialCharacters', 'RemoveEncodedAccentInText']","from collections import OrderedDict
from functools import wraps

def mru_cache(maxsize=128, typed=False):
    """"""
    Decorador para envolver una función con un objeto invocable que memoriza hasta `maxsize` resultados basados en un algoritmo de Más Recientemente Usado (MRU).
    """"""
    def decorator(func):
        cache = OrderedDict()

        @wraps(func)
        def wrapper(*args, **kwargs):
            key = (args, frozenset(kwargs.items())) if typed else args
            if key in cache:
                cache.move_to_end(key)  # Move the accessed item to the end
                return cache[key]
            result = func(*args, **kwargs)
            cache[key] = result
            if len(cache) > maxsize:
                cache.popitem(last=False)  # Remove the least recently used item
            return result

        return wrapper

    return decorator"
62b8d23948ba5a41d1c3f498,"def lru_cache(maxsize=128, typed=False):

Decorator to wrap a function with a memoizing callable that saves
up to `maxsize` results based on a Least Recently Used (LRU)
algorithm.","Decorator to wrap a function with a memoizing callable that saves
up to `maxsize` results based on a Least Recently Used (LRU)
algorithm.","def lru_cache(maxsize=128, typed=False):
","```python
def lru_cache(maxsize=128, typed=False):

Decorador para envolver una función con un objeto invocable que memoriza
hasta `maxsize` resultados basados en un algoritmo de Menor Recientemente Usado (LRU, por sus siglas en inglés).
```","def lru_cache(maxsize=128, typed=False):
""""""
Decorador para envolver una función con un objeto invocable que memoriza
hasta `maxsize` resultados basados en un algoritmo de Menor Recientemente Usado (LRU, por sus siglas en inglés).
""""""","['RemoveProgrammingLanguageContext', 'RemoveEncodedAccentInText']","def lru_cache(maxsize=128, typed=False):
    """"""Decorador para envolver una función con un objeto invocable que memoriza
    hasta `maxsize` resultados basados en un algoritmo de Menor Recientemente Usado (LRU, por sus siglas en inglés).
    """"""
    from collections import OrderedDict
    from functools import wraps

    def decorator(func):
        cache = OrderedDict()

        @wraps(func)
        def wrapper(*args, **kwargs):
            key = args if not typed else (args, frozenset(kwargs.items()))
            if key in cache:
                cache.move_to_end(key)
                return cache[key]
            result = func(*args, **kwargs)
            cache[key] = result
            if len(cache) > maxsize:
                cache.popitem(last=False)
            return result

        wrapper.cache_clear = cache.clear
        wrapper.cache_info = lambda: (len(cache), maxsize)
        return wrapper

    return decorator"
62b8d23748ba5a41d1c3f496,"def lfu_cache(maxsize=128, typed=False):

Decorator to wrap a function with a memoizing callable that saves
up to `maxsize` results based on a Least Frequently Used (LFU)
algorithm.","Decorator to wrap a function with a memoizing callable that saves
up to `maxsize` results based on a Least Frequently Used (LFU)
algorithm.","def lfu_cache(maxsize=128, typed=False):
","```python
def lfu_cache(maxsize=128, typed=False):
    """"""
    Decorador para envolver una función con un objeto invocable que memoriza
    hasta `maxsize` resultados utilizando un algoritmo de Menor Frecuencia de Uso (LFU).
    """"""
```","def lfu_cache(maxsize=128, typed=False):
""""""
Decorador para envolver una función con un objeto invocable que memoriza hasta `maxsize` resultados utilizando un algoritmo de Menor Frecuencia de Uso (LFU).
""""""","['RemoveProgrammingLanguageContext', 'RemoveEncodedAccentInText', 'RemoveExtraWhitespaces']","from collections import defaultdict, OrderedDict
import functools

class LFUCache:
    def __init__(self, maxsize):
        self.maxsize = maxsize
        self.cache = {}
        self.freq = defaultdict(OrderedDict)
        self.min_freq = 0

    def get(self, key):
        if key not in self.cache:
            return -1
        value, freq = self.cache[key]
        del self.freq[freq][key]
        if not self.freq[freq]:
            del self.freq[freq]
            if self.min_freq == freq:
                self.min_freq += 1
        self.freq[freq + 1][key] = value
        self.cache[key] = (value, freq + 1)
        return value

    def put(self, key, value):
        if self.maxsize <= 0:
            return
        if key in self.cache:
            self.cache[key] = (value, self.cache[key][1])
            self.get(key)
            return
        if len(self.cache) >= self.maxsize:
            evict_key, _ = self.freq[self.min_freq].popitem(last=False)
            del self.cache[evict_key]
        self.cache[key] = (value, 1)
        self.freq[1][key] = value
        self.min_freq = 1

def lfu_cache(maxsize=128, typed=False):
    def decorator(func):
        cache = LFUCache(maxsize)

        @functools.wraps(func)
        def wrapper(*args, **kwargs):
            if typed:
                key = (args, frozenset(kwargs.items()))
            else:
                key = (tuple(map(str, args)), frozenset((str(k), v) for k, v in kwargs.items()))
            if key in cache.cache:
                return cache.get(key)
            result = func(*args, **kwargs)
            cache.put(key, result)
            return result

        return wrapper

    return decorator"
62b8d22f48ba5a41d1c3f488,"Remove the value corresponding to the first inserted key and returns the key and value in tuple format.
def popitem(self):

Remove and return the `(key, value)` pair first inserted.",Remove the value corresponding to the first inserted key and returns the key and value in tuple format.,"def popitem(self):
","Eliminar el valor correspondiente a la primera clave insertada y devolver la clave y el valor en formato de tupla.  
```python
def popitem(self):
```

Eliminar y devolver el par `(clave, valor)` que fue insertado primero."," def popitem(self):
""""""
Eliminar y devolver el par `(clave, valor)` que fue insertado primero.
""""""",['RemoveProgrammingLanguageContext'],"def popitem(self):
    """"""
    Eliminar y devolver el par `(clave, valor)` que fue insertado primero.
    """"""
    if not self:
        raise KeyError(""popitem(): dictionary is empty"")
    
    first_key = next(iter(self))
    value = self[first_key]
    del self[first_key]
    return first_key, value"
62b8d22a48ba5a41d1c3f47e,"If a key exists in the class, the value corresponding to the key is returned. Otherwise, the value corresponding to the key is set to default.
def setdefault(self, key, default=None):

D.setdefault(k[,d]) -> D.get(k,d), also set D[k]=d if k not in D","If a key exists in the class, the value corresponding to the key is returned. Otherwise, the value corresponding to the key is set to default.","def setdefault(self, key, default=None):
","Si una clave existe en la clase, se devuelve el valor correspondiente a esa clave. De lo contrario, el valor correspondiente a la clave se establece en el valor predeterminado.

```python
def setdefault(self, key, default=None):
```

`D.setdefault(k[, d]) -> D.get(k, d)`, también establece `D[k] = d` si `k` no está en `D`.","def setdefault(self, key, default=None):
""""""
`D.setdefault(k[, d]) -> D.get(k, d)`, también establece `D[k] = d` si `k` no está en `D`.
""""""",['RemoveProgrammingLanguageContext'],"def setdefault(self, key, default=None):
    """"""
    `D.setdefault(k[, d]) -> D.get(k, d)`, también establece `D[k] = d` si `k` no está en `D`.
    """"""
    if key not in self:
        self[key] = default
    return self[key]"
62b8d22948ba5a41d1c3f47c,"If a key exists in the class, the value corresponding to the key is returned. Otherwise, default is returned.
def get(self, key, default=None):

D.get(k[,d]) -> D[k] if k in D, else d.  d defaults to None.","If a key exists in the class, the value corresponding to the key is returned. Otherwise, default is returned.","def get(self, key, default=None):
","Si una clave existe en la clase, se devuelve el valor correspondiente a la clave. De lo contrario, se devuelve el valor predeterminado.

```python
def get(self, key, default=None):
```

`D.get(k[, d]) -> D[k] si k está en D, de lo contrario d. d tiene como valor predeterminado None.`","def get(self, key, default=None):
""""""
D.get(k[, d]) -> D[k] si k está en D, de lo contrario d. d tiene como valor predeterminado 'None'.
""""""","['RemoveProgrammingLanguageContext', 'RemoveEncodedAccentInText', 'RemoveExtraSpecialCharacters', 'AddQuotesForEnglishWordsInText']","def get(self, key, default=None):
    """"""
    D.get(k[, d]) -> D[k] si k está en D, de lo contrario d. d tiene como valor predeterminado 'None'.
    """"""
    return self.data[key] if key in self.data else default"
62b8d22548ba5a41d1c3f472,"Returns a decorator function that can call a result in the cache.
def cachedmethod(cache, key=hashkey, lock=None):

Decorator to wrap a class or instance method with a memoizing
callable that saves results in a cache.",Returns a decorator function that can call a result in the cache.,"def cachedmethod(cache, key=hashkey, lock=None):
","Devuelve una función decoradora que puede llamar a un resultado en la caché.  
```python
def cachedmethod(cache, key=hashkey, lock=None):
```

Decorador para envolver un método de clase o de instancia con una función memoizadora  
que guarda los resultados en una caché.","def cachedmethod(cache, key=hashkey, lock=None):
""""""
Decorador para envolver un método de clase o de instancia con una función memoizadora  
que guarda los resultados en una caché.
""""""","['RemoveProgrammingLanguageContext', 'RemoveEncodedAccentInText']","def cachedmethod(cache, key=hashkey, lock=None):
    """"""
    Decorador para envolver un método de clase o de instancia con una función memoizadora  
    que guarda los resultados en una caché.
    """"""
    def decorator(func):
        def wrapper(self, *args, **kwargs):
            # Generar la clave de caché
            cache_key = key(self, *args, **kwargs)
            # Comprobar si el resultado está en la caché
            if cache_key in cache:
                return cache[cache_key]
            # Si no está en la caché, ejecutar el método
            with (lock or dummy_lock):
                result = func(self, *args, **kwargs)
                cache[cache_key] = result
            return result
        return wrapper
    return decorator"
62b8c517e0d34b282c18122e,"Format the exception as a string
def extostr(cls, e, max_level=30, max_path_level=5):

Format an exception.
:param e: Any exception instance.
:type e: Exception
:param max_level: Maximum call stack level (default 30)
:type max_level: int
:param max_path_level: Maximum path level (default 5)
:type max_path_level: int
:return The exception readable string
:rtype str",Format the exception as a string,"def extostr(cls, e, max_level=30, max_path_level=5):
","Formatear la excepción como una cadena  
```python
def extostr(cls, e, max_level=30, max_path_level=5):
```

Formatear una excepción.  
:param e: Cualquier instancia de excepción.  
:type e: Exception  
:param max_level: Nivel máximo de la pila de llamadas (por defecto 30).  
:type max_level: int  
:param max_path_level: Nivel máximo de la ruta (por defecto 5).  
:type max_path_level: int  
:return: La cadena legible de la excepción.  
:rtype: str  ","def extostr(cls, e, max_level=30, max_path_level=5):
""""""
Formatear una excepción.  
:param e: Cualquier instancia de excepción.  
:type e: Exception  
:param max_level: Nivel máximo de la pila de llamadas (por defecto 30).  
:type max_level: int  
:param max_path_level: Nivel máximo de la ruta (por defecto 5).  
:type max_path_level: int  
:return: La cadena legible de la excepción.  
:rtype: str  
""""""","['RemoveProgrammingLanguageContext', 'RemoveEncodedAccentInText']","def extostr(cls, e, max_level=30, max_path_level=5):
    """"""
    Formatear una excepción.  
    :param e: Cualquier instancia de excepción.  
    :type e: Exception  
    :param max_level: Nivel máximo de la pila de llamadas (por defecto 30).  
    :type max_level: int  
    :param max_path_level: Nivel máximo de la ruta (por defecto 5).  
    :type max_path_level: int  
    :return: La cadena legible de la excepción.  
    :rtype: str  
    """"""
    import traceback

    # Limitar la profundidad de la pila de llamadas
    tb = traceback.extract_tb(e.__traceback__)
    tb = tb[:max_level]

    # Formatear la traza
    formatted_trace = []
    for frame in tb:
        filename, lineno, name, line = frame
        if tb.index(frame) < max_path_level:
            formatted_trace.append(f'File ""{filename}"", line {lineno}, in {name}\n    {line}')
    
    # Obtener el mensaje de la excepción
    exception_message = str(e)

    # Combinar todo en una cadena
    result = f'Exception: {exception_message}\nTraceback (most recent call last):\n'
    result += '\n'.join(formatted_trace)

    return result"
62b8bbbfe0d34b282c181210,"Writes the data in the text buffer to a file
def append_text_to_file(file_name, text_buffer, encoding, overwrite=False):

Write to the specified filename, the provided binary buffer
Create the file if required.
:param file_name:  File name.
:type file_name: str
:param text_buffer: Text buffer to write.
:type text_buffer: str
:param encoding: The encoding to use.
:type encoding: str
:param overwrite: If true, file is overwritten.
:type overwrite: bool
:return: The number of bytes written or lt 0 if error.
:rtype int",Writes the data in the text buffer to a file,"def append_text_to_file(file_name, text_buffer, encoding, overwrite=False):
","Escribe los datos del búfer de texto en un archivo  
```python
def append_text_to_file(file_name, text_buffer, encoding, overwrite=False):
```

Escribe en el archivo especificado el búfer de texto proporcionado.  
Crea el archivo si es necesario.  
:param file_name: Nombre del archivo.  
:type file_name: str  
:param text_buffer: Búfer de texto a escribir.  
:type text_buffer: str  
:param encoding: La codificación a utilizar.  
:type encoding: str  
:param overwrite: Si es verdadero, el archivo será sobrescrito.  
:type overwrite: bool  
:return: El número de bytes escritos o un valor menor que 0 si ocurre un error.  
:rtype int  ","def append_text_to_file(file_name, text_buffer, encoding, overwrite=False):
""""""
Escribe en el archivo especificado el búfer de texto proporcionado.  
Crea el archivo si es necesario.  
:param file_name: Nombre del archivo.  
:type file_name: str  
:param text_buffer: Búfer de texto a escribir.  
:type text_buffer: str  
:param encoding: La codificación a utilizar.  
:type encoding: str  
:param overwrite: Si es verdadero, el archivo será sobrescrito.  
:type overwrite: bool  
:return: El número de bytes escritos o un valor menor que 0 si ocurre un error.  
:rtype int  
""""""","['RemoveProgrammingLanguageContext', 'RemoveEncodedAccentInText']","def append_text_to_file(file_name, text_buffer, encoding, overwrite=False):
    """"""
    Escribe en el archivo especificado el búfer de texto proporcionado.  
    Crea el archivo si es necesario.  
    :param file_name: Nombre del archivo.  
    :type file_name: str  
    :param text_buffer: Búfer de texto a escribir.  
    :type text_buffer: str  
    :param encoding: La codificación a utilizar.  
    :type encoding: str  
    :param overwrite: Si es verdadero, el archivo será sobrescrito.  
    :type overwrite: bool  
    :return: El número de bytes escritos o un valor menor que 0 si ocurre un error.  
    :rtype int  
    """"""
    try:
        mode = 'w' if overwrite else 'a'
        with open(file_name, mode, encoding=encoding) as file:
            bytes_written = file.write(text_buffer)
            return bytes_written
    except Exception as e:
        return -1"
62b8bbbfe0d34b282c18120f,"def file_to_textbuffer(file_name, encoding):

Load a file toward a text buffer (UTF-8), using the specify encoding while reading.
CAUTION : This will read the whole file IN MEMORY.
:param file_name: File name.
:type file_name: str
:param encoding: Encoding to use.
:type encoding: str
:return: A text buffer or None in case of error.
:rtype str",Load a file toward a text buffer,"def file_to_textbuffer(file_name, encoding):
","```python
def file_to_textbuffer(file_name, encoding):
    """"""
    Cargar un archivo en un búfer de texto (UTF-8), utilizando la codificación especificada al leer.
    PRECAUCIÓN: Esto leerá todo el archivo EN MEMORIA.
    :param file_name: Nombre del archivo.
    :type file_name: str
    :param encoding: Codificación a utilizar.
    :type encoding: str
    :return: Un búfer de texto o None en caso de error.
    :rtype: str
    """"""
```","def file_to_textbuffer(file_name, encoding):
""""""
Cargar un archivo en un búfer de texto (UTF-8), utilizando la codificación especificada al leer.
PRECAUCIÓN: Esto leerá todo el archivo EN MEMORIA.
:param file_name: Nombre del archivo.
:type file_name: str
:param encoding: Codificación a utilizar.
:type encoding: str
:return: Un búfer de texto o 'None' en caso de error.
 :rtype: str
""""""","['RemoveProgrammingLanguageContext', 'RemoveEncodedAccentInText', 'RemoveExtraSpecialCharacters', 'AddQuotesForEnglishWordsInText']","def file_to_textbuffer(file_name, encoding):
    """"""
    Cargar un archivo en un búfer de texto (UTF-8), utilizando la codificación especificada al leer.
    PRECAUCIÓN: Esto leerá todo el archivo EN MEMORIA.
    :param file_name: Nombre del archivo.
    :type file_name: str
    :param encoding: Codificación a utilizar.
    :type encoding: str
    :return: Un búfer de texto o 'None' en caso de error.
    :rtype: str
    """"""
    try:
        with open(file_name, 'r', encoding=encoding) as file:
            return file.read()
    except Exception as e:
        return None"
62b8bbbce0d34b282c18120d,"Check whether file_name is an existing file.
def is_file_exist(file_name):

Check if file name exist.
:param file_name: File name.
:type file_name: str
:return: Return true (exist), false (do not exist, or invalid file name)
:rtype bool",Check whether file_name is an existing file.,"def is_file_exist(file_name):
","Verificar si `file_name` es un archivo existente.
```python
def is_file_exist(file_name):
```

Verifica si el nombre del archivo existe.  
:param file_name: Nombre del archivo.  
:type file_name: str  
:return: Devuelve `True` (existe) o `False` (no existe o el nombre del archivo no es válido).  
:rtype: bool  ","def is_file_exist(file_name):
""""""
Verifica si el nombre del archivo existe.  
:param file_name: Nombre del archivo.  
:type file_name: str  
:return: Devuelve `True` (existe) o `False` (no existe o el nombre del archivo no es válido).  
:rtype: bool  
""""""","['RemoveProgrammingLanguageContext', 'RemoveEncodedAccentInText']","import os

def is_file_exist(file_name):
    """"""
    Verifica si el nombre del archivo existe.  
    :param file_name: Nombre del archivo.  
    :type file_name: str  
    :return: Devuelve `True` (existe) o `False` (no existe o el nombre del archivo no es válido).  
    :rtype: bool  
    """"""
    if not isinstance(file_name, str):
        return False
    return os.path.isfile(file_name)"
62b8b99de0d34b282c1811f8,"Reset the logging system
def _reset_logging(cls):

Reset",Reset the logging system,"def _reset_logging(cls):
","Restablecer el sistema de registro  
```python
def _reset_logging(cls):
```

Restablecer","def _reset_logging(cls):
""""""
Restablecer
""""""",['RemoveProgrammingLanguageContext'],"def _reset_logging(cls):
    """"""
    Restablecer
    """"""
    import logging
    for handler in logging.root.handlers[:]:
        logging.root.removeHandler(handler)
    logging.basicConfig(level=logging.NOTSET)"
62b8b59feb7e40a82d2d1291,"def _getTargetClass(self):

Define this to return the implementation in use,
without the 'Py' or 'Fallback' suffix.","Define this to return the implementation in use,
without the 'Py' or 'Fallback' suffix.","def _getTargetClass(self):
","```python
def _getTargetClass(self):
    """"""
    Defina esto para devolver la implementación en uso,
    sin el sufijo 'Py' o 'Fallback'.
    """"""
```","def _getTargetClass(self):
""""""
Defina esto para devolver la implementación en uso,
sin el sufijo 'Py' o 'Fallback'.
""""""","['RemoveProgrammingLanguageContext', 'RemoveEncodedAccentInText', 'RemoveExtraSpecialCharacters']","def _getTargetClass(self):
    """"""
    Defina esto para devolver la implementación en uso,
    sin el sufijo 'Py' o 'Fallback'.
    """"""
    implementation = type(self).__name__
    if implementation.endswith('Py'):
        return implementation[:-2]
    elif implementation.endswith('Fallback'):
        return implementation[:-8]
    return implementation"
62b8b590eb7e40a82d2d1275,"Combine multiple lists in the sequence of occurrence into a list with no duplicate elements.
def _legacy_mergeOrderings(orderings):

Merge multiple orderings so that within-ordering order is preserved

Orderings are constrained in such a way that if an object appears
in two or more orderings, then the suffix that begins with the
object must be in both orderings.

For example:

>>> _mergeOrderings([
... ['x', 'y', 'z'],
... ['q', 'z'],
... [1, 3, 5],
... ['z']
... ])
['x', 'y', 'q', 1, 3, 5, 'z']",Combine multiple lists in the sequence of occurrence into a list with no duplicate elements.,"def _legacy_mergeOrderings(orderings):
","Combinar múltiples listas en el orden de aparición en una lista sin elementos duplicados.
```python
def _legacy_mergeOrderings(orderings):
```

Combinar múltiples ordenamientos de manera que se preserve el orden dentro de cada uno.

Los ordenamientos están restringidos de tal forma que, si un objeto aparece en dos o más ordenamientos, entonces el sufijo que comienza con dicho objeto debe estar presente en ambos ordenamientos.

Por ejemplo:

```python
>>> _mergeOrderings([
... ['x', 'y', 'z'],
... ['q', 'z'],
... [1, 3, 5],
... ['z']
... ])
['x', 'y', 'q', 1, 3, 5, 'z']
```","def _legacy_mergeOrderings(orderings):
""""""
Combinar múltiples ordenamientos de manera que se preserve el orden dentro de cada uno.

Los ordenamientos están restringidos de tal forma que, si un objeto aparece en dos o más ordenamientos, entonces el sufijo que comienza con dicho objeto debe estar presente en ambos ordenamientos.

Por ejemplo:

>>> _mergeOrderings([
... ['x', 'y', 'z'],
... ['q', 'z'],
... [1, 3, 5],
... ['z']
... ])
['x', 'y', 'q', 1, 3, 5, 'z']
""""""","['RemoveProgrammingLanguageContext', 'RemoveEncodedAccentInText', '']","def _legacy_mergeOrderings(orderings):
    """"""
    Combinar múltiples ordenamientos de manera que se preserve el orden dentro de cada uno.

    Los ordenamientos están restringidos de tal forma que, si un objeto aparece en dos o más ordenamientos, entonces el sufijo que comienza con dicho objeto debe estar presente en ambos ordenamientos.

    Por ejemplo:

    >>> _mergeOrderings([
    ... ['x', 'y', 'z'],
    ... ['q', 'z'],
    ... [1, 3, 5],
    ... ['z']
    ... ])
    ['x', 'y', 'q', 1, 3, 5, 'z']
    """"""
    from collections import defaultdict, deque

    # Create a graph and in-degree count
    graph = defaultdict(list)
    in_degree = defaultdict(int)

    # Build the graph
    for ordering in orderings:
        for i in range(len(ordering)):
            if i > 0:
                graph[ordering[i - 1]].append(ordering[i])
                in_degree[ordering[i]] += 1
            if ordering[i] not in in_degree:
                in_degree[ordering[i]] = 0

    # Topological sort using Kahn's algorithm
    queue = deque([item for item in in_degree if in_degree[item] == 0])
    merged_order = []

    while queue:
        current = queue.popleft()
        merged_order.append(current)
        for neighbor in graph[current]:
            in_degree[neighbor] -= 1
            if in_degree[neighbor] == 0:
                queue.append(neighbor)

    return merged_order"
62b8b58deb7e40a82d2d1269,"def directlyProvidedBy(object): # pylint:disable=redefined-builtin
    """"""Return the interfaces directly provided by the given object

    The value returned is an `~zope.interface.interfaces.IDeclaration`.
    """"""
    provides = getattr(object, ""__provides__"", None)
    if (
            provides is None # no spec
            # We might have gotten the implements spec, as an
            # optimization. If so, it's like having only one base, that we
            # lop off to exclude class-supplied declarations:

Return the interfaces directly provided by the given object

The value returned is an `~zope.interface.interfaces.IDeclaration`.","Return the interfaces directly provided by the given object

The value returned is an `~zope.interface.interfaces.IDeclaration`.","def directlyProvidedBy(object): # pylint:disable=redefined-builtin
    """"""Return the interfaces directly provided by the given object

    The value returned is an `~zope.interface.interfaces.IDeclaration`.
    """"""
    provides = getattr(object, ""__provides__"", None)
    if (
            provides is None # no spec
            # We might have gotten the implements spec, as an
            # optimization. If so, it's like having only one base, that we
            # lop off to exclude class-supplied declarations:
","```python
def directamenteProporcionadoPor(objeto):  # pylint:disable=redefined-builtin
    """"""Devuelve las interfaces proporcionadas directamente por el objeto dado.

    El valor devuelto es un `~zope.interface.interfaces.IDeclaration`.
    """"""
    proporciona = getattr(objeto, ""__provides__"", None)
    if (
            proporciona is None  # sin especificación
            # Podríamos haber obtenido la especificación de implementación, como una
            # optimización. Si es así, es como tener solo una base, que
            # eliminamos para excluir declaraciones proporcionadas por la clase:
```

**Nota:** En el contexto de desarrollo de software, es importante mantener los nombres de las funciones y variables en inglés si forman parte de una API pública o si el código será utilizado por una comunidad internacional. Sin embargo, si el proyecto es completamente interno y el equipo prefiere usar español, entonces traducir los nombres de las funciones y variables puede ser aceptable.","def directlyProvidedBy(object):  # pylint:disable=redefined-builtin
    """"""
Devuelve las interfaces proporcionadas directamente por el objeto dado.

    El valor devuelto es un `~zope.interface.interfaces.IDeclaration`.
    proporciona = getattr(object, ""__provides__"", None)
    if (
            proporciona is None  # sin especificación
            # Podríamos haber obtenido la especificación de implementación, como una
            # optimización. Si es así, es como tener solo una base, que
            # eliminamos para excluir declaraciones proporcionadas por la clase:

Retornar las interfaces proporcionadas por el objeto dado

 El valor devuelto es un `~zope.interface.interfaces.IDeclaration`.
""""""","['RemoveProgrammingLanguageContext', 'RollbackPartialVarTranslation', 'RemoveExtraTextAddedWithinTranslation', 'AddMissingTranslatedText']","def directlyProvidedBy(object):  # pylint:disable=redefined-builtin
    """"""
    Devuelve las interfaces proporcionadas directamente por el objeto dado.

    El valor devuelto es un `~zope.interface.interfaces.IDeclaration`.
    """"""
    proporciona = getattr(object, ""__provides__"", None)
    if proporciona is None:
        return None  # Sin especificación

    # Aquí podríamos agregar lógica adicional para manejar la optimización
    # y excluir declaraciones proporcionadas por la clase base.

    return proporciona"
62b8b559eb7e40a82d2d11f8,"Returns all classes without subclasses as a list.
def minimalBases(classes):

Reduce a list of base classes to its ordered minimum equivalent",Returns all classes without subclasses as a list.,"def minimalBases(classes):
","Devuelve todas las clases sin subclases como una lista.
`def minimalBases(classes):`

Reduce una lista de clases base a su equivalente mínimo ordenado.","def minimalBases(classes):
""""""
Reduce una lista de clases base a su equivalente mínimo ordenado.
""""""","['RemoveEncodedAccentInText', 'RemoveExtraSpecialCharacters']","def minimalBases(classes):
    """"""
    Reduce una lista de clases base a su equivalente mínimo ordenado.
    """"""
    return sorted(set(classes))"
62b8b4b9eb7e40a82d2d1134,"Returns the name and description of the current class attribute.
def namesAndDescriptions(self, all=False): # pylint:disable=redefined-builtin
        """"""Return attribute names and descriptions defined by interface.""""""
        if not all:

Return attribute names and descriptions defined by interface.",Returns the name and description of the current class attribute.,"def namesAndDescriptions(self, all=False): # pylint:disable=redefined-builtin
        """"""Return attribute names and descriptions defined by interface.""""""
        if not all:
","Devuelve el nombre y la descripción del atributo de clase actual.
```python
def nombresYDescripciones(self, todos=False):  # pylint:disable=redefined-builtin
    """"""Devuelve los nombres y descripciones de los atributos definidos por la interfaz.""""""
    if not todos:
```

Devuelve los nombres y descripciones de los atributos definidos por la interfaz.","def namesAndDescriptions(self, all=False):  # pylint:disable=redefined-builtin
""""""
Devuelve los nombres y descripciones de los atributos definidos por la interfaz.
    if not all:

Devuelve los nombres y descripciones de los atributos definidos por la interfaz.
""""""","['RemoveProgrammingLanguageContext', 'RemoveEncodedAccentInText', 'RollbackPartialVarTranslation']","def namesAndDescriptions(self, all=False):  # pylint:disable=redefined-builtin
    """"""
    Devuelve los nombres y descripciones de los atributos definidos por la interfaz.
    if not all:

    Devuelve los nombres y descripciones de los atributos definidos por la interfaz.
    """"""
    attributes = self.get_attributes()  # Assuming there's a method to get attributes
    if not all:
        attributes = {key: attributes[key] for key in attributes if attributes[key]['visible']}
    
    return {key: attributes[key]['description'] for key in attributes}"
62b8b416eb7e40a82d2d1129,"Return the attribute names of current class.
def names(self, all=False): # pylint:disable=redefined-builtin
        """"""Return the attribute names defined by the interface.""""""
        if not all:

Return the attribute names defined by the interface.",Return the attribute names of current class.,"def names(self, all=False): # pylint:disable=redefined-builtin
        """"""Return the attribute names defined by the interface.""""""
        if not all:
","Devuelve los nombres de los atributos de la clase actual.
```python
def names(self, all=False):  # pylint:disable=redefined-builtin
    """"""Devuelve los nombres de los atributos definidos por la interfaz.""""""
    if not all:
```

Devuelve los nombres de los atributos definidos por la interfaz.","def names(self, all=False):  # pylint:disable=redefined-builtin
    """"""
Devuelve los nombres de los atributos definidos por la interfaz.
    if not all:

Devuelve los nombres de los atributos definidos por la interfaz.
""""""",['RemoveProgrammingLanguageContext'],"def names(self, all=False):  # pylint:disable=redefined-builtin
    """"""
    Devuelve los nombres de los atributos definidos por la interfaz.
    if not all:

    Devuelve los nombres de los atributos definidos por la interfaz.
    """"""
    if all:
        return [attr for attr in dir(self) if not attr.startswith('_')]
    else:
        return [attr for attr in dir(self) if not attr.startswith('_') and not callable(getattr(self, attr))]"
62b8b3d6eb7e40a82d2d111c,"def _normalizeargs(sequence, output=None):

Normalize declaration arguments

Normalization arguments might contain Declarions, tuples, or single
interfaces.

Anything but individial interfaces or implements specs will be expanded.","Normalize declaration arguments

Normalization arguments might contain Declarions, tuples, or single
interfaces.

Anything but individial interfaces or implements specs will be expanded.","def _normalizeargs(sequence, output=None):
","```python
def _normalizeargs(sequence, output=None):

Normalizar argumentos de declaración

Los argumentos de normalización pueden contener Declaraciones, tuplas o interfaces individuales.

Cualquier cosa que no sean interfaces individuales o especificaciones de implementación será expandida.
```","def _normalizeargs(sequence, output=None):
""""""
Normalizar argumentos de declaración

Los argumentos de normalización pueden contener Declaraciones, tuplas o interfaces individuales.

Cualquier cosa que no sean interfaces individuales o especificaciones de implementación será expandida.
""""""","['RemoveProgrammingLanguageContext', 'RemoveEncodedAccentInText']","def _normalizeargs(sequence, output=None):
    """"""
    Normalizar argumentos de declaración

    Los argumentos de normalización pueden contener Declaraciones, tuplas o interfaces individuales.

    Cualquier cosa que no sean interfaces individuales o especificaciones de implementación será expandida.
    """"""
    normalized = []
    
    for item in sequence:
        if isinstance(item, (tuple, list)):
            normalized.extend(_normalizeargs(item, output))
        elif isinstance(item, str) or hasattr(item, '__interface__'):
            normalized.append(item)
        else:
            if output is not None:
                output.append(item)
            normalized.append(item)  # Expand the item if it's not a valid interface

    return normalized"
62b8b3d5eb7e40a82d2d1110,"If available, return the C optimization module, otherwise a false value.
def _c_optimizations_available():

Return the C optimization module, if available, otherwise
a false value.

If the optimizations are required but not available, this
raises the ImportError.

This does not say whether they should be used or not.","If available, return the C optimization module, otherwise a false value.","def _c_optimizations_available():
","Si está disponible, devuelve el módulo de optimización en C, de lo contrario, un valor falso.  
```python
def _c_optimizations_available():
```

Devuelve el módulo de optimización en C, si está disponible, de lo contrario, un valor falso.

Si las optimizaciones son requeridas pero no están disponibles, esto genera una excepción `ImportError`.

Esto no indica si deben ser utilizadas o no.","def _c_optimizations_available():
""""""
Devuelve el módulo de optimización en C, si está disponible, de lo contrario, un valor falso.

Si las optimizaciones son requeridas pero no están disponibles, esto genera una excepción `ImportError`.

Esto no indica si deben ser utilizadas o no.
""""""","['RemoveProgrammingLanguageContext', 'RemoveEncodedAccentInText']","def _c_optimizations_available():
    """"""
    Devuelve el módulo de optimización en C, si está disponible, de lo contrario, un valor falso.

    Si las optimizaciones son requeridas pero no están disponibles, esto genera una excepción `ImportError`.

    Esto no indica si deben ser utilizadas o no.
    """"""
    try:
        import some_c_optimization_module  # Reemplazar con el nombre real del módulo
        return some_c_optimization_module
    except ImportError:
        return False"
62b8b3d4eb7e40a82d2d110f,"Return a true value if we use the C optimizations.
def _should_attempt_c_optimizations():

Return a true value if we should attempt to use the C optimizations.

This takes into account whether we're on PyPy and the value of the
``PURE_PYTHON`` environment variable, as defined in `_use_c_impl`.",Return a true value if we use the C optimizations.,"def _should_attempt_c_optimizations():
","Devuelve un valor verdadero si utilizamos las optimizaciones en C.  
```python
def _should_attempt_c_optimizations():
```

Devuelve un valor verdadero si deberíamos intentar usar las optimizaciones en C.

Esto tiene en cuenta si estamos utilizando PyPy y el valor de la variable de entorno  
``PURE_PYTHON``, tal como se define en `_use_c_impl`.","def _should_attempt_c_optimizations():
""""""
Devuelve un valor verdadero si deberíamos intentar usar las optimizaciones en C.

Esto tiene en cuenta si estamos utilizando PyPy y el valor de la variable de entorno  
``PURE_PYTHON``, tal como se define en `_use_c_impl`.
""""""","['RemoveProgrammingLanguageContext', 'RemoveEncodedAccentInText']","import os
import sys

def _should_attempt_c_optimizations():
    """"""
    Devuelve un valor verdadero si deberíamos intentar usar las optimizaciones en C.

    Esto tiene en cuenta si estamos utilizando PyPy y el valor de la variable de entorno  
    ``PURE_PYTHON``, tal como se define en `_use_c_impl`.
    """"""
    is_pypy = 'pypy' in sys.version.lower()
    pure_python_env = os.getenv('PURE_PYTHON', '0') == '1'
    
    return not is_pypy and not pure_python_env"
62b8b3d4eb7e40a82d2d110e,"Return True if get ""PURE_PYTHON"" environ is not none and not 0, else return False
def _c_optimizations_ignored():

The opposite of `_c_optimizations_required`.","Return True if get ""PURE_PYTHON"" environ is not none and not 0, else return False","def _c_optimizations_ignored():
","Devuelve True si la variable de entorno ""PURE_PYTHON"" no es None y no es 0, de lo contrario, devuelve False.  
```python
def _c_optimizations_ignored():
```

Es lo opuesto a `_c_optimizations_required`.","def _c_optimizations_ignored():
""""""
Es lo opuesto a `_c_optimizations_required`.
""""""","['RemoveProgrammingLanguageContext', 'AddQuotesForEnglishWordsInText']","def _c_optimizations_ignored():
    """"""
    Es lo opuesto a `_c_optimizations_required`.
    """"""
    # Implementation of the function
    return True  # Placeholder return value"
62b8b3d4eb7e40a82d2d110d,"def _c_optimizations_required():

Return a true value if the C optimizations are required.

This uses the ``PURE_PYTHON`` variable as documented in `_use_c_impl`.",Return a true value if the C optimizations are required.,"def _c_optimizations_required():
","```python
def _c_optimizations_required():

    # Devuelve un valor verdadero si se requieren las optimizaciones en C.

    # Esto utiliza la variable ``PURE_PYTHON`` como se documenta en `_use_c_impl`.
```","def _c_optimizations_required():
""""""
Devuelve un valor verdadero si se requieren las optimizaciones en C.

Esto utiliza la variable ``PURE_PYTHON`` como se documenta en `_use_c_impl`.
""""""","['RemoveProgrammingLanguageContext', 'RemoveExtraSpecialCharacters']","def _c_optimizations_required():
    """"""
    Devuelve un valor verdadero si se requieren las optimizaciones en C.

    Esto utiliza la variable ``PURE_PYTHON`` como se documenta en `_use_c_impl`.
    """"""
    from some_module import PURE_PYTHON  # Asegúrate de importar la variable desde el módulo correcto
    return not PURE_PYTHON"
62b87b989a0c4fa8b80b35ee,"Current context is reset to an empty dict, bins of the class are reinitialized with the *initial_value* or with *make_bins()*.
def reset(self):

Reset the histogram.

Current context is reset to an empty dict.
Bins are reinitialized with the *initial_value*
or with *make_bins()* (depending on the initialization).","Current context is reset to an empty dict, bins of the class are reinitialized with the *initial_value* or with *make_bins()*.","def reset(self):
","El contexto actual se restablece a un diccionario vacío, y los contenedores (bins) de la clase se reinicializan con el *initial_value* o con *make_bins()*.

```python
def reset(self):
    """"""
    Restablece el histograma.

    El contexto actual se restablece a un diccionario vacío.
    Los contenedores (bins) se reinicializan con el *initial_value*
    o con *make_bins()* (dependiendo de la inicialización).
    """"""
```","def reset(self):
""""""
Restablece el histograma.

El contexto actual se restablece a un diccionario vacío.
Los contenedores (bins) se reinicializan con el *initial_value*
o con *make_bins()* (dependiendo de la inicialización).
""""""","['RemoveProgrammingLanguageContext', 'RemoveEncodedAccentInText', 'RemoveExtraSpecialCharacters', 'RemoveExtraWhitespaces']","def reset(self):
    """"""
    Restablece el histograma.

    El contexto actual se restablece a un diccionario vacío.
    Los contenedores (bins) se reinicializan con el *initial_value*
    o con *make_bins()* (dependiendo de la inicialización).
    """"""
    self.context = {}
    if hasattr(self, 'initial_value'):
        self.bins = {key: self.initial_value for key in self.bins.keys()}
    elif hasattr(self, 'make_bins'):
        self.bins = self.make_bins()"
62b87b859a0c4fa8b80b35d7,"def to_csv(self, separator="","", header=None):

.. deprecated:: 0.5 in Lena 0.5 to_csv is not used.
      Iterables are converted to tables.

Convert graph's points to CSV.

*separator* delimits values, the default is comma.

*header*, if not ``None``, is the first string of the output
(new line is added automatically).

Since a graph can be multidimensional,
for each point first its coordinate is converted to string
(separated by *separator*), then each part of its value.

To convert :class:`Graph` to CSV inside a Lena sequence,
use :class:`lena.output.ToCSV`.",".. deprecated:: 0.5 in Lena 0.5 to_csv is not used.
      Iterables are converted to tables.

Convert graph's points to CSV.

*separator* delimits values, the default is comma.

*header*, if not ``None``, is the first string of the output
(new line is added automatically).

Since a graph can be multidimensional,
for each point first its coordinate is converted to string
(separated by *separator*), then each part of its value.

To convert :class:`Graph` to CSV inside a Lena sequence,
use :class:`lena.output.ToCSV`.","def to_csv(self, separator="","", header=None):
","```python
def to_csv(self, separator="","", header=None):

.. deprecated:: 0.5 en Lena 0.5 to_csv ya no se utiliza.
      Los iterables se convierten en tablas.

Convierte los puntos del gráfico a formato CSV.

*separator* delimita los valores, el valor predeterminado es una coma.

*header*, si no es ``None``, es la primera línea de la salida
(se agrega automáticamente un salto de línea).

Dado que un gráfico puede ser multidimensional,
para cada punto, primero su coordenada se convierte en una cadena
(separada por *separator*), y luego cada parte de su valor.

Para convertir un :class:`Graph` a formato CSV dentro de una secuencia de Lena,
utiliza :class:`lena.output.ToCSV`.
```","def to_csv(self, separator="","", header=None):
""""""
.. deprecated:: 0.5 en Lena 0.5 to_csv ya no se utiliza.
      Los iterables se convierten en tablas.

Convierte los puntos del gráfico a formato CSV.

*separator* delimita los valores, el valor predeterminado es una coma.

*header*, si no es ``None``, es la primera línea de la salida
(se agrega automáticamente un salto de línea).

Dado que un gráfico puede ser multidimensional,
para cada punto, primero su coordenada se convierte en una cadena
(separada por *separator*), y luego cada parte de su valor.

Para convertir un :class:`Graph` a formato CSV dentro de una secuencia de Lena,
utiliza :class:`lena.output.ToCSV`.
""""""","['RemoveProgrammingLanguageContext', 'RemoveEncodedAccentInText']","def to_csv(self, separator="","", header=None):
    """"""
    .. deprecated:: 0.5 en Lena 0.5 to_csv ya no se utiliza.
          Los iterables se convierten en tablas.

    Convierte los puntos del gráfico a formato CSV.

    *separator* delimita los valores, el valor predeterminado es una coma.

    *header*, si no es ``None``, es la primera línea de la salida
    (se agrega automáticamente un salto de línea).

    Dado que un gráfico puede ser multidimensional,
    para cada punto, primero su coordenada se convierte en una cadena
    (separada por *separator*), y luego cada parte de su valor.

    Para convertir un :class:`Graph` a formato CSV dentro de una secuencia de Lena,
    utiliza :class:`lena.output.ToCSV`.
    """"""
    import csv
    from io import StringIO

    output = StringIO()
    writer = csv.writer(output, delimiter=separator)

    if header is not None:
        writer.writerow(header)

    for point in self.points:  # Assuming self.points is a list of points
        row = [str(coord) for coord in point]  # Convert coordinates to string
        writer.writerow(row)

    return output.getvalue()"
62b87b839a0c4fa8b80b35cb,"Find all error indexes corresponding to coord_name.
def _get_err_indices(self, coord_name):

Get error indices corresponding to a coordinate.",Find all error indexes corresponding to coord_name.,"def _get_err_indices(self, coord_name):
","Encontrar todos los índices de error correspondientes a coord_name.  
```python
def _get_err_indices(self, coord_name):
```

Obtener los índices de error correspondientes a una coordenada.","def _get_err_indices(self, coord_name):
""""""
Obtener los índices de error correspondientes a una coordenada.
""""""","['RemoveProgrammingLanguageContext', 'RemoveEncodedAccentInText']","def _get_err_indices(self, coord_name):
    """"""
    Obtener los índices de error correspondientes a una coordenada.
    """"""
    # Suponiendo que self.errors es un diccionario que contiene coordenadas y sus índices de error
    if coord_name in self.errors:
        return self.errors[coord_name]
    else:
        return []"
62b87b7e9a0c4fa8b80b35bc,"def _update_context(self, context):

Update *context* with the properties of this graph.

*context.error* is appended with indices of errors.
Example subcontext for a graph with fields ""E,t,error_E_low"":
{""error"": {""x_low"": {""index"": 2}}}.
Note that error names are called ""x"", ""y"" and ""z""
(this corresponds to first three coordinates,
if they are present), which allows to simplify plotting.
Existing values are not removed
from *context.value* and its subcontexts.

Called on ""destruction"" of the graph (for example,
in :class:`.ToCSV`). By destruction we mean conversion
to another structure (like text) in the flow.
The graph object is not really destroyed in this process.","Update *context* with the properties of this graph.

*context.error* is appended with indices of errors.
Example subcontext for a graph with fields ""E,t,error_E_low"":
{""error"": {""x_low"": {""index"": 2}}}.
Note that error names are called ""x"", ""y"" and ""z""
(this corresponds to first three coordinates,
if they are present), which allows to simplify plotting.
Existing values are not removed
from *context.value* and its subcontexts.

Called on ""destruction"" of the graph (for example,
in :class:`.ToCSV`). By destruction we mean conversion
to another structure (like text) in the flow.
The graph object is not really destroyed in this process.","def _update_context(self, context):
","```python
def _update_context(self, context):
```

Actualiza *context* con las propiedades de este grafo.

*context.error* se amplía con los índices de los errores.  
Ejemplo de subcontexto para un grafo con los campos ""E,t,error_E_low"":  
`{""error"": {""x_low"": {""index"": 2}}}`.  
Ten en cuenta que los nombres de los errores se denominan ""x"", ""y"" y ""z""  
(esto corresponde a las primeras tres coordenadas, si están presentes),  
lo que permite simplificar la representación gráfica.  
Los valores existentes no se eliminan de *context.value* ni de sus subcontextos.

Se llama durante la ""destrucción"" del grafo (por ejemplo,  
en :class:`.ToCSV`). Por destrucción nos referimos a la conversión  
a otra estructura (como texto) en el flujo.  
El objeto grafo no se destruye realmente en este proceso.","def _update_context(self, context):
""""""
Actualiza *context* con las propiedades de este grafo.

*context.error* se amplía con los índices de los errores.  
Ejemplo de subcontexto para un grafo con los campos ""E,t,error_E_low"":  
`{""error"": {""x_low"": {""index"": 2}}}`.  
Ten en cuenta que los nombres de los errores se denominan ""x"", ""y"" y ""z""  
(esto corresponde a las primeras tres coordenadas, si están presentes),  
lo que permite simplificar la representación gráfica.  
Los valores existentes no se eliminan de *context.value* ni de sus subcontextos.

Se llama durante la ""destrucción"" del grafo (por ejemplo,  
en :class:`.ToCSV`). Por destrucción nos referimos a la conversión  
a otra estructura (como texto) en el flujo.  
El objeto grafo no se destruye realmente en este proceso.
""""""","['RemoveProgrammingLanguageContext', 'RemoveEncodedAccentInText']","def _update_context(self, context):
    """"""
    Actualiza *context* con las propiedades de este grafo.

    *context.error* se amplía con los índices de los errores.  
    Ejemplo de subcontexto para un grafo con los campos ""E,t,error_E_low"":  
    `{""error"": {""x_low"": {""index"": 2}}}`.  
    Ten en cuenta que los nombres de los errores se denominan ""x"", ""y"" y ""z""  
    (esto corresponde a las primeras tres coordenadas, si están presentes),  
    lo que permite simplificar la representación gráfica.  
    Los valores existentes no se eliminan de *context.value* ni de sus subcontextos.

    Se llama durante la ""destrucción"" del grafo (por ejemplo,  
    en :class:`.ToCSV`). Por destrucción nos referimos a la conversión  
    a otra estructura (como texto) en el flujo.  
    El objeto grafo no se destruye realmente en este proceso.
    """"""
    # Implementación del método
    if 'error' not in context:
        context['error'] = {}
    
    # Supongamos que self.errors es un diccionario que contiene los errores
    for i, error in enumerate(self.errors):
        if error not in context['error']:
            context['error'][error] = {}
        context['error'][error]['index'] = i

    # No eliminamos valores existentes en context.value
    # Se pueden agregar más propiedades del grafo a context si es necesario"
62b87b4f9a0c4fa8b80b3580,"Calculate the area of the overall graph.
def integral(bins, edges):

Compute integral (scale for a histogram).

*bins* contain values, and *edges* form the mesh
for the integration.
Their format is defined in :class:`.histogram` description.",Calculate the area of the overall graph.,"def integral(bins, edges):
","Calcular el área del gráfico general.  
```python
def integral(bins, edges):
```

Calcular la integral (escala para un histograma).

*`bins`* contiene los valores, y *`edges`* forman la malla  
para la integración.  
Su formato está definido en la descripción de la clase :class:`.histogram`.","def integral(bins, edges):
""""""
Calcular la integral (escala para un histograma).

*bins* contiene los valores, y *edges* forman la malla  
para la integración.  
Su formato está definido en la descripción de la clase :class:`.histogram`.
""""""","['RemoveProgrammingLanguageContext', 'RemoveEncodedAccentInText', 'RemoveExtraSpecialCharacters']","def integral(bins, edges):
    """"""
    Calcular la integral (escala para un histograma).

    *bins* contiene los valores, y *edges* forman la malla  
    para la integración.  
    Su formato está definido en la descripción de la clase :class:`.histogram`.
    """"""
    if len(bins) != len(edges) - 1:
        raise ValueError(""Length of bins must be one less than length of edges."")
    
    # Calculate the width of each bin
    widths = edges[1:] - edges[:-1]
    
    # Calculate the integral as the sum of the area of each bin
    integral_value = sum(bins * widths)
    
    return integral_value"
62b87b199a0c4fa8b80b354e,"Check whether seq can be converted to FillRequestSeq and bool is returned.
def is_fill_request_seq(seq):

Test whether *seq* can be converted to a FillRequestSeq.

True only if it is a FillRequest element
or contains at least one such,
and it is not a Source sequence.",Check whether seq can be converted to FillRequestSeq and bool is returned.,"def is_fill_request_seq(seq):
","Verifique si *seq* puede convertirse en FillRequestSeq y se devuelve un valor booleano.  
```python
def is_fill_request_seq(seq):
```

Compruebe si *seq* puede convertirse en un FillRequestSeq.

Devuelve `True` solo si es un elemento de tipo FillRequest  
o contiene al menos uno de ellos,  
y no es una secuencia de tipo Source.","def is_fill_request_seq(seq):
""""""
Compruebe si *seq* puede convertirse en un FillRequestSeq.

Devuelve `True` solo si es un elemento de tipo FillRequest  
o contiene al menos uno de ellos,  
y no es una secuencia de tipo Source.
""""""",['RemoveProgrammingLanguageContext'],"def is_fill_request_seq(seq):
    """"""
    Compruebe si *seq* puede convertirse en un FillRequestSeq.

    Devuelve `True` solo si es un elemento de tipo FillRequest  
    o contiene al menos uno de ellos,  
    y no es una secuencia de tipo Source.
    """"""
    if isinstance(seq, FillRequest):
        return True
    if isinstance(seq, Source):
        return False
    return any(isinstance(item, FillRequest) for item in seq)"
62b87b099a0c4fa8b80b3538,"Check whether the obj class has the fill and request attributes.
def is_fill_request_el(obj):

Object contains executable methods 'fill' and 'request'.",Check whether the obj class has the fill and request attributes.,"def is_fill_request_el(obj):
","Verifica si la clase del objeto tiene los atributos `fill` y `request`.

```python
def is_fill_request_el(obj):
```

El objeto contiene métodos ejecutables `fill` y `request`.","def is_fill_request_el(obj):
""""""
El objeto contiene métodos ejecutables `fill` y `request`.
""""""","['RemoveProgrammingLanguageContext', 'FixTranslation']","def is_fill_request_el(obj):
    """"""
    El objeto contiene métodos ejecutables `fill` y `request`.
    """"""
    return callable(getattr(obj, 'fill', None)) and callable(getattr(obj, 'request', None))"
62b87af99a0c4fa8b80b3524,"Check whether the obj class has the run method.
def is_run_el(obj):

Object contains executable method 'run'.",Check whether the obj class has the run method.,"def is_run_el(obj):
","Verificar si la clase del objeto tiene el método run.  
```python
def is_run_el(obj):
```

El objeto contiene el método ejecutable 'run'.","def is_run_el(obj):
""""""
El objeto contiene el método ejecutable 'run'.
""""""","['RemoveProgrammingLanguageContext', 'AddQuotesForEnglishWordsInText']","def is_run_el(obj):
    """"""
    El objeto contiene el método ejecutable 'run'.
    """"""
    return hasattr(obj, 'run') and callable(getattr(obj, 'run'))"
62b87af69a0c4fa8b80b351a,"Check whether the obj class has the fill and compute methods.
def is_fill_compute_el(obj):

Object contains executable methods 'fill' and 'compute'.",Check whether the obj class has the fill and compute methods.,"def is_fill_compute_el(obj):
","Verifica si la clase del objeto tiene los métodos fill y compute.  
```python
def es_elemento_fill_compute(obj):
```

El objeto contiene los métodos ejecutables 'fill' y 'compute'.","def is_fill_compute_el(obj):
""""""
El objeto contiene los métodos ejecutables 'fill' y 'compute'.
""""""","['RemoveProgrammingLanguageContext', 'RemoveEncodedAccentInText', 'RollbackPartialVarTranslation', 'AddQuotesForEnglishWordsInText']","def is_fill_compute_el(obj):
    """"""
    El objeto contiene los métodos ejecutables 'fill' y 'compute'.
    """"""
    return callable(getattr(obj, 'fill', None)) and callable(getattr(obj, 'compute', None))"
62b87af19a0c4fa8b80b34f7,"Return a dictionary with items from d1 not contained in d2.
def difference(d1, d2, level=-1):

Return a dictionary with items from *d1* not contained in *d2*.

*level* sets the maximum depth of recursion. For infinite recursion,
set that to -1. For level 1,
if a key is present both in *d1* and *d2* but has different values,
it is included into the difference.
See :func:`intersection` for more details.

*d1* and *d2* remain unchanged. However, *d1* or some of its
subdictionaries may be returned directly.
Make a deep copy of the result when appropriate.

.. versionadded:: 0.5
   add keyword argument *level*.",Return a dictionary with items from d1 not contained in d2.,"def difference(d1, d2, level=-1):
","Devuelve un diccionario con los elementos de *d1* que no están contenidos en *d2*.

```python
def difference(d1, d2, level=-1):
```

Devuelve un diccionario con los elementos de *d1* que no están contenidos en *d2*.

El parámetro *level* establece la profundidad máxima de recursión. Para recursión infinita, configúralo en -1. Para un nivel 1, si una clave está presente tanto en *d1* como en *d2* pero tiene valores diferentes, se incluye en la diferencia. Consulta :func:`intersection` para más detalles.

*d1* y *d2* permanecen sin cambios. Sin embargo, *d1* o algunos de sus subdiccionarios pueden ser devueltos directamente. Realiza una copia profunda del resultado cuando sea apropiado.

.. versión añadida:: 0.5  
   Se agregó el argumento de palabra clave *level*.","def difference(d1, d2, level=-1):
""""""
Devuelve un diccionario con los elementos de *d1* que no están contenidos en *d2*.

El parámetro *level* establece la profundidad máxima de recursión. Para recursión infinita, configúralo en -1. Para un nivel 1, si una clave está presente tanto en *d1* como en *d2* pero tiene valores diferentes, se incluye en la diferencia. Consulta :func:`intersection` para más detalles.

*d1* y *d2* permanecen sin cambios. Sin embargo, *d1* o algunos de sus subdiccionarios pueden ser devueltos directamente. Realiza una copia profunda del resultado cuando sea apropiado.

.. versionadded:: 0.5  
   Agrega el argumento de palabra clave *level*.
""""""","['RemoveProgrammingLanguageContext', 'RemoveEncodedAccentInText', 'RollbackPartialVarTranslation', 'FixTranslation']","def difference(d1, d2, level=-1):
    """"""
    Devuelve un diccionario con los elementos de *d1* que no están contenidos en *d2*.

    El parámetro *level* establece la profundidad máxima de recursión. Para recursión infinita, configúralo en -1. Para un nivel 1, si una clave está presente tanto en *d1* como en *d2* pero tiene valores diferentes, se incluye en la diferencia. Consulta :func:`intersection` para más detalles.

    *d1* y *d2* permanecen sin cambios. Sin embargo, *d1* o algunos de sus subdiccionarios pueden ser devueltos directamente. Realiza una copia profunda del resultado cuando sea apropiado.

    .. versionadded:: 0.5  
       Agrega el argumento de palabra clave *level*.
    """"""
    from collections.abc import MutableMapping
    import copy

    def recursive_difference(d1, d2, level):
        if level == 0:
            return {}
        
        result = {}
        for key, value in d1.items():
            if key not in d2:
                result[key] = copy.deepcopy(value)
            else:
                if isinstance(value, MutableMapping) and isinstance(d2[key], MutableMapping):
                    nested_diff = recursive_difference(value, d2[key], level - 1 if level > 0 else -1)
                    if nested_diff:
                        result[key] = nested_diff
                elif value != d2[key]:
                    result[key] = copy.deepcopy(value)
        
        return result

    return recursive_difference(d1, d2, level)"
62b87af09a0c4fa8b80b34f1,"def fill(self, coord, weight=1):

Fill histogram at *coord* with the given *weight*.

Coordinates outside the histogram edges are ignored.","Fill histogram at *coord* with the given *weight*.

Coordinates outside the histogram edges are ignored.","def fill(self, coord, weight=1):
","```python
def fill(self, coord, weight=1):
```

Llena el histograma en *coord* con el *peso* dado.

Las coordenadas fuera de los límites del histograma son ignoradas.","def fill(self, coord, weight=1):
""""""
Llena el histograma en *coord* con el *weight* dado.

Las coordenadas fuera de los límites del histograma son ignoradas.
""""""","['RemoveProgrammingLanguageContext', 'FixTranslation', 'RemoveEncodedAccentInText']","def fill(self, coord, weight=1):
    """"""
    Llena el histograma en *coord* con el *weight* dado.

    Las coordenadas fuera de los límites del histograma son ignoradas.
    """"""
    if 0 <= coord[0] < self.width and 0 <= coord[1] < self.height:
        self.histogram[coord[1]][coord[0]] += weight"
62b86aa3b4d922cb0e688d36,"Check that keys and values in the given labels by validate_key() and validate_value().
def _validate_labels(labels):

Check that keys and values in the given labels match against their corresponding
regular expressions.

Args:
    labels (dict): the different labels to validate.

Raises:
    ValidationError: if any of the keys and labels does not match their respective
        regular expression. The error contains as message the list of all errors
        which occurred in the labels. Each element of the list is a dictionary with
        one key-value pair:
        - key: the label key or label value for which an error occurred as string.
        - value: the error message.

        .. code:: python

            # Example:
            labels = {
                ""key1"": ""valid"",
                ""key2"": [""invalid""],
                ""$$"": ""invalid"",
                True: True,
            }
            try:
                _validate_labels(labels)
            except ValidationError as err:
                assert err.messages == [
                    {""['invalid']"": 'expected string or bytes-like object'},
                    {'$$': ""Label key '$$' does not match the regex [...]""},
                    {'True': 'expected string or bytes-like object'},
                    {'True': 'expected string or bytes-like object'},
                ]",Check that keys and values in the given labels by validate_key() and validate_value().,"def _validate_labels(labels):
","Verifique que las claves y valores en las etiquetas dadas cumplan con `validate_key()` y `validate_value()`.
def _validate_labels(labels):

Verifique que las claves y valores en las etiquetas dadas coincidan con sus expresiones regulares correspondientes.

### Argumentos:
- **labels (dict)**: las diferentes etiquetas a validar.

### Excepciones:
- **ValidationError**: si alguna de las claves o valores de las etiquetas no coincide con su respectiva expresión regular. El error contiene como mensaje una lista de todos los errores que ocurrieron en las etiquetas. Cada elemento de la lista es un diccionario con un par clave-valor:
  - **key**: la clave de la etiqueta o el valor de la etiqueta para el cual ocurrió un error, como cadena de texto.
  - **value**: el mensaje de error.

    .. code:: python

        # Ejemplo:
        labels = {
            ""key1"": ""valid"",
            ""key2"": [""invalid""],
            ""$$"": ""invalid"",
            True: True,
        }
        try:
            _validate_labels(labels)
        except ValidationError as err:
            assert err.messages == [
                {""['invalid']"": 'se esperaba un objeto de tipo cadena o bytes'},
                {'$$': ""La clave de la etiqueta '$$' no coincide con la expresión regular [...]""},
                {'True': 'se esperaba un objeto de tipo cadena o bytes'},
                {'True': 'se esperaba un objeto de tipo cadena o bytes'},
            ]","def _validate_labels(labels):
""""""
Verifique que las claves y valores en las etiquetas dadas coincidan con sus expresiones regulares correspondientes.

Argumentos:
*labels (dict)*: las diferentes etiquetas a validar.

Excepciones:
*ValidationError*: si alguna de las claves o valores de las etiquetas no coincide con su respectiva expresión regular. El error contiene como mensaje una lista de todos los errores que ocurrieron en las etiquetas. Cada elemento de la lista es un diccionario con un par clave-valor:
  - *key*: la clave de la etiqueta o el valor de la etiqueta para el cual ocurrió un error, como cadena de texto.
  - *value*: el mensaje de error.

    .. code:: python

        # Ejemplo:
        labels = {
            ""key1"": ""valid"",
            ""key2"": [""invalid""],
            ""$$"": ""invalid"",
            True: True,
        }
        try:
            _validate_labels(labels)
        except ValidationError as err:
            assert err.messages == [
                {""['invalid']"": 'se esperaba un objeto de tipo cadena o bytes'},
                {'$$': ""La clave de la etiqueta '$$' no coincide con la expresión regular [...]""},
                {'True': 'se esperaba un objeto de tipo cadena o bytes'},
                {'True': 'se esperaba un objeto de tipo cadena o bytes'},
            ]
""""""","['RemoveExtraSpecialCharacters', 'RemoveEncodedAccentInText']","import re

class ValidationError(Exception):
    def __init__(self, messages):
        self.messages = messages

def _validate_labels(labels):
    errors = []
    key_regex = r'^[a-zA-Z0-9_]+$'  # Example regex for keys
    value_regex = r'^[a-zA-Z0-9_]+$'  # Example regex for values

    for key, value in labels.items():
        if not isinstance(key, str) or not re.match(key_regex, key):
            errors.append({key: f""La clave de la etiqueta '{key}' no coincide con la expresión regular [...]""})
        
        if not isinstance(value, str) or not re.match(value_regex, value):
            errors.append({str(value): 'se esperaba un objeto de tipo cadena o bytes'})

    if errors:
        raise ValidationError(errors)"
62b86a9eb4d922cb0e688d25,"Return the regular expressions that are used to validate the name of the Krake resources
def _get_resource_name_regex():

Build or return the regular expressions that are used to validate
the name of the Krake resources.

Returns:
    (re.Pattern): the compiled regular expressions, to validate
    the resource name.",Return the regular expressions that are used to validate the name of the Krake resources,"def _get_resource_name_regex():
","Devuelve las expresiones regulares que se utilizan para validar el nombre de los recursos de Krake  
def _get_resource_name_regex():

Construye o devuelve las expresiones regulares que se utilizan para validar  
el nombre de los recursos de Krake.

Retorna:  
    (re.Pattern): las expresiones regulares compiladas, para validar  
    el nombre del recurso.","def _get_resource_name_regex():
""""""
Construye o devuelve las expresiones regulares que se utilizan para validar  
el nombre de los recursos de Krake.

Retorna:  
    (re.Pattern): las expresiones regulares compiladas, para validar  
    el nombre del recurso.
""""""",[''],"import re

def _get_resource_name_regex():
    """"""
    Construye o devuelve las expresiones regulares que se utilizan para validar  
    el nombre de los recursos de Krake.

    Retorna:  
        (re.Pattern): las expresiones regulares compiladas, para validar  
        el nombre del recurso.
    """"""
    resource_name_regex = re.compile(r'^[a-zA-Z0-9_-]+$')
    return resource_name_regex"
62b86a4fb4d922cb0e688cf8,"def validate_value(value):

Validate the given value against the corresponding regular expression.

Args:
    value: the string to validate

Raises:
    ValidationError: if the given value is not conform to the regular expression.",Validate the given value against the corresponding regular expression.,"def validate_value(value):
","```python
def validate_value(value):

Validar el valor proporcionado contra la expresión regular correspondiente.

Argumentos:
    value: la cadena de texto a validar

Excepciones:
    ValidationError: si el valor proporcionado no cumple con la expresión regular.
```","def validate_value(value):
""""""
Validar el valor proporcionado contra la expresión regular correspondiente.

Argumentos:
    value: la cadena de texto a validar

Excepciones:
    ValidationError: si el valor proporcionado no cumple con la expresión regular.
""""""","['RemoveProgrammingLanguageContext', 'AddQuotesForEnglishWordsInText']","import re

class ValidationError(Exception):
    pass

def validate_value(value):
    """"""
    Validar el valor proporcionado contra la expresión regular correspondiente.

    Argumentos:
        value: la cadena de texto a validar

    Excepciones:
        ValidationError: si el valor proporcionado no cumple con la expresión regular.
    """"""
    pattern = r'^[a-zA-Z0-9_]+$'  # Ejemplo de expresión regular
    if not re.match(pattern, value):
        raise ValidationError(f""El valor '{value}' no cumple con la expresión regular."")"
62b86a4fb4d922cb0e688cf7,"def validate_key(key):

Validate the given key against the corresponding regular expression.

Args:
    key: the string to validate

Raises:
    ValidationError: if the given key is not conform to the regular expression.",Validate the given key against the corresponding regular expression.,"def validate_key(key):
","```python
def validate_key(key):
    """"""
    Validar la clave proporcionada contra la expresión regular correspondiente.

    Argumentos:
        key: la cadena de texto a validar.

    Excepciones:
        ValidationError: si la clave proporcionada no cumple con la expresión regular.
    """"""
```","def validate_key(key):
""""""
Validar la clave proporcionada contra la expresión regular correspondiente.

Argumentos:
        key: la cadena de texto a validar.

Excepciones:
        ValidationError: si la clave proporcionada no cumple con la expresión regular.
""""""",['RemoveProgrammingLanguageContext'],"import re

class ValidationError(Exception):
    pass

def validate_key(key):
    """"""
    Validar la clave proporcionada contra la expresión regular correspondiente.

    Argumentos:
            key: la cadena de texto a validar.

    Excepciones:
            ValidationError: si la clave proporcionada no cumple con la expresión regular.
    """"""
    # Definir la expresión regular para la validación de la clave
    pattern = r'^(?=.*[A-Za-z])(?=.*\d)[A-Za-z\d]{8,}$'  # Al menos 8 caracteres, al menos una letra y un número

    if not re.match(pattern, key):
        raise ValidationError(""La clave proporcionada no cumple con los requisitos."")"
62b86a01b4d922cb0e688ccc,"The values corresponding to different keys in the new dict are generated based on the value type (such as dict and list) in the manifest_dict file. Then new dictionary is returned.
def generate_default_observer_schema_dict(manifest_dict, first_level=False):

Together with :func:``generate_default_observer_schema_list``, this function is
called recursively to generate part of a default ``observer_schema`` from part of a
Kubernetes resource, defined respectively by ``manifest_dict`` or ``manifest_list``.

Args:
    manifest_dict (dict): Partial Kubernetes resources
    first_level (bool, optional): If True, indicates that the dictionary represents
        the whole observer schema of a Kubernetes resource

Returns:
    dict: Generated partial observer_schema

This function creates a new dictionary from ``manifest_dict`` and replaces all
non-list and non-dict values by ``None``.

In case of ``first_level`` dictionary (i.e. complete ``observer_schema`` for a
resource), the values of the identifying fields are copied from the manifest file.",The values corresponding to different keys in the new dict are generated based on the value type (such as dict and list) in the manifest_dict file. Then new dictionary is returned.,"def generate_default_observer_schema_dict(manifest_dict, first_level=False):
","Los valores correspondientes a diferentes claves en el nuevo diccionario se generan en función del tipo de valor (como dict y list) en el archivo `manifest_dict`. Luego, se devuelve el nuevo diccionario.

```python
def generate_default_observer_schema_dict(manifest_dict, first_level=False):
```

Junto con la función :func:`generate_default_observer_schema_list`, esta función se llama de manera recursiva para generar parte de un ``observer_schema`` predeterminado a partir de una parte de un recurso de Kubernetes, definido respectivamente por ``manifest_dict`` o ``manifest_list``.

### Argumentos:
- **manifest_dict (dict):** Recursos parciales de Kubernetes.
- **first_level (bool, opcional):** Si es True, indica que el diccionario representa el esquema completo del observador (observer schema) de un recurso de Kubernetes.

### Retorna:
- **dict:** Esquema parcial generado (`observer_schema`).

Esta función crea un nuevo diccionario a partir de ``manifest_dict`` y reemplaza todos los valores que no sean listas (`list`) ni diccionarios (`dict`) por ``None``.

En el caso de un diccionario de ``first_level`` (es decir, un ``observer_schema`` completo para un recurso), los valores de los campos identificadores se copian del archivo de manifiesto.","def generate_default_observer_schema_dict(manifest_dict, first_level=False):
""""""
Junto con la función :func:`generate_default_observer_schema_list`, esta función se llama de manera recursiva para generar parte de un ``observer_schema`` predeterminado a partir de una parte de un recurso de Kubernetes, definido respectivamente por ``manifest_dict`` o ``manifest_list``.

Argumentos:
**manifest_dict (dict):** Recursos parciales de Kubernetes.
**first_level (bool, opcional):** Si es True, indica que el diccionario representa el esquema completo del observador (observer schema) de un recurso de Kubernetes.

Retorna:
**dict:** Esquema parcial generado (`observer_schema`).

Esta función crea un nuevo diccionario a partir de ``manifest_dict`` y reemplaza todos los valores que no sean listas (`list`) ni diccionarios (`dict`) por ``None``.

En el caso de un diccionario de ``first_level`` (es decir, un ``observer_schema`` completo para un recurso), los valores de los campos identificadores se copian del archivo de manifiesto.
""""""","['RemoveProgrammingLanguageContext', 'RemoveExtraSpecialCharacters']","def generate_default_observer_schema_dict(manifest_dict, first_level=False):
    """"""
    Junto con la función :func:`generate_default_observer_schema_list`, esta función se llama de manera recursiva para generar parte de un ``observer_schema`` predeterminado a partir de una parte de un recurso de Kubernetes, definido respectivamente por ``manifest_dict`` o ``manifest_list``.

    Argumentos:
    **manifest_dict (dict):** Recursos parciales de Kubernetes.
    **first_level (bool, opcional):** Si es True, indica que el diccionario representa el esquema completo del observador (observer schema) de un recurso de Kubernetes.

    Retorna:
    **dict:** Esquema parcial generado (`observer_schema`).

    Esta función crea un nuevo diccionario a partir de ``manifest_dict`` y reemplaza todos los valores que no sean listas (`list`) ni diccionarios (`dict`) por ``None``.

    En el caso de un diccionario de ``first_level`` (es decir, un ``observer_schema`` completo para un recurso), los valores de los campos identificadores se copian del archivo de manifiesto.
    """"""
    observer_schema = {}
    
    for key, value in manifest_dict.items():
        if isinstance(value, dict):
            observer_schema[key] = generate_default_observer_schema_dict(value, first_level)
        elif isinstance(value, list):
            observer_schema[key] = [generate_default_observer_schema_dict(item, first_level) if isinstance(item, dict) else None for item in value]
        else:
            if first_level and key in ['kind', 'apiVersion', 'metadata']:
                observer_schema[key] = value
            else:
                observer_schema[key] = None

    return observer_schema"
62b869ebb4d922cb0e688cc6,"def update_last_applied_manifest_list_from_resp(
    last_applied_manifest, observer_schema, response
):

Together with :func:``update_last_applied_manifest_dict_from_resp``, this
function is called recursively to update a partial ``last_applied_manifest``
from a partial Kubernetes response

Args:
    last_applied_manifest (list): partial ``last_applied_manifest`` being
        updated
    observer_schema (list): partial ``observer_schema``
    response (list): partial response from the Kubernetes API.

This function go through all observed fields, and initialized their value in
last_applied_manifest if they are not yet present","Together with :func:``update_last_applied_manifest_dict_from_resp``, this
function is called recursively to update a partial ``last_applied_manifest``
from a partial Kubernetes response

Args:
    last_applied_manifest (list): partial ``last_applied_manifest`` being
        updated
    observer_schema (list): partial ``observer_schema``
    response (list): partial response from the Kubernetes API.

This function go through all observed fields, and initialized their value in
last_applied_manifest if they are not yet present","def update_last_applied_manifest_list_from_resp(
    last_applied_manifest, observer_schema, response
):
","```python
def update_last_applied_manifest_list_from_resp(
    last_applied_manifest, observer_schema, response
):

Junto con :func:``update_last_applied_manifest_dict_from_resp``, esta
función se llama de forma recursiva para actualizar un ``last_applied_manifest``
parcial a partir de una respuesta parcial de Kubernetes.

Argumentos:
    last_applied_manifest (list): ``last_applied_manifest`` parcial que se
        está actualizando.
    observer_schema (list): ``observer_schema`` parcial.
    response (list): respuesta parcial de la API de Kubernetes.

Esta función recorre todos los campos observados e inicializa su valor en
``last_applied_manifest`` si aún no están presentes.
```","def update_last_applied_manifest_list_from_resp(
    last_applied_manifest, observer_schema, response
):
""""""
Junto con :func:``update_last_applied_manifest_dict_from_resp``, esta
función se llama de forma recursiva para actualizar un ``last_applied_manifest``
parcial a partir de una respuesta parcial de Kubernetes.

Argumentos:
    last_applied_manifest (list): ``last_applied_manifest`` parcial que se
        está actualizando.
    observer_schema (list): ``observer_schema`` parcial.
    response (list): respuesta parcial de la API de Kubernetes.

Esta función recorre todos los campos observados e inicializa su valor en
``last_applied_manifest`` si aún no están presentes.
""""""","['RemoveProgrammingLanguageContext', 'RemoveEncodedAccentInText']","def update_last_applied_manifest_list_from_resp(
    last_applied_manifest, observer_schema, response
):
    """"""
    Junto con :func:``update_last_applied_manifest_dict_from_resp``, esta
    función se llama de forma recursiva para actualizar un ``last_applied_manifest``
    parcial a partir de una respuesta parcial de Kubernetes.

    Argumentos:
        last_applied_manifest (list): ``last_applied_manifest`` parcial que se
            está actualizando.
        observer_schema (list): ``observer_schema`` parcial.
        response (list): respuesta parcial de la API de Kubernetes.

    Esta función recorre todos los campos observados e inicializa su valor en
    ``last_applied_manifest`` si aún no están presentes.
    """"""
    for schema_item in observer_schema:
        field = schema_item.get('field')
        if field not in last_applied_manifest:
            last_applied_manifest[field] = response.get(field, None)
    
    return last_applied_manifest"
62b869eab4d922cb0e688cc5,"def update_last_applied_manifest_dict_from_resp(
    last_applied_manifest, observer_schema, response
):

Together with :func:``update_last_applied_manifest_list_from_resp``, this
function is called recursively to update a partial ``last_applied_manifest``
from a partial Kubernetes response

Args:
    last_applied_manifest (dict): partial ``last_applied_manifest`` being
        updated
    observer_schema (dict): partial ``observer_schema``
    response (dict): partial response from the Kubernetes API.

Raises:
    KeyError: If the observed field is not present in the Kubernetes response

This function go through all observed fields, and initialized their value in
last_applied_manifest if they are not yet present","Together with :func:``update_last_applied_manifest_list_from_resp``, this
function is called recursively to update a partial ``last_applied_manifest``
from a partial Kubernetes response

Args:
    last_applied_manifest (dict): partial ``last_applied_manifest`` being
        updated
    observer_schema (dict): partial ``observer_schema``
    response (dict): partial response from the Kubernetes API.

Raises:
    KeyError: If the observed field is not present in the Kubernetes response

This function go through all observed fields, and initialized their value in
last_applied_manifest if they are not yet present","def update_last_applied_manifest_dict_from_resp(
    last_applied_manifest, observer_schema, response
):
","```python
def update_last_applied_manifest_dict_from_resp(
    last_applied_manifest, observer_schema, response
):

Junto con :func:``update_last_applied_manifest_list_from_resp``, esta
función se llama de forma recursiva para actualizar un ``last_applied_manifest``
parcial a partir de una respuesta parcial de Kubernetes.

Argumentos:
    last_applied_manifest (dict): ``last_applied_manifest`` parcial que se está
        actualizando.
    observer_schema (dict): ``observer_schema`` parcial.
    response (dict): respuesta parcial de la API de Kubernetes.

Excepciones:
    KeyError: Si el campo observado no está presente en la respuesta de Kubernetes.

Esta función recorre todos los campos observados e inicializa su valor en
``last_applied_manifest`` si aún no están presentes.
```","def update_last_applied_manifest_dict_from_resp(
    last_applied_manifest, observer_schema, response
):
""""""
Junto con :func:``update_last_applied_manifest_list_from_resp``, esta
función se llama de forma recursiva para actualizar un ``last_applied_manifest``
parcial a partir de una respuesta parcial de Kubernetes.

Argumentos:
    last_applied_manifest (dict): ``last_applied_manifest`` parcial que se está
        actualizando.
    observer_schema (dict): ``observer_schema`` parcial.
    response (dict): respuesta parcial de la API de Kubernetes.

Excepciones:
    KeyError: Si el campo observado no está presente en la respuesta de Kubernetes.

Esta función recorre todos los campos observados e inicializa su valor en
``last_applied_manifest`` si aún no están presentes.
""""""","['RemoveProgrammingLanguageContext', 'RemoveEncodedAccentInText']","def update_last_applied_manifest_dict_from_resp(
    last_applied_manifest, observer_schema, response
):
    """"""
    Junto con :func:``update_last_applied_manifest_list_from_resp``, esta
    función se llama de forma recursiva para actualizar un ``last_applied_manifest``
    parcial a partir de una respuesta parcial de Kubernetes.

    Argumentos:
        last_applied_manifest (dict): ``last_applied_manifest`` parcial que se está
            actualizando.
        observer_schema (dict): ``observer_schema`` parcial.
        response (dict): respuesta parcial de la API de Kubernetes.

    Excepciones:
        KeyError: Si el campo observado no está presente en la respuesta de Kubernetes.

    Esta función recorre todos los campos observados e inicializa su valor en
    ``last_applied_manifest`` si aún no están presentes.
    """"""
    for key, value in observer_schema.items():
        if key not in last_applied_manifest:
            if isinstance(value, dict):
                last_applied_manifest[key] = {}
                update_last_applied_manifest_dict_from_resp(
                    last_applied_manifest[key], value, response.get(key, {})
                )
            elif key in response:
                last_applied_manifest[key] = response[key]
            else:
                raise KeyError(f""El campo observado '{key}' no está presente en la respuesta de Kubernetes."")"
62b869eab4d922cb0e688cbf,"Generate the default observer schema for each Kubernetes resource present in ``spec.manifest`` for which a custom observer schema hasn't been specified.
def generate_default_observer_schema(app):

Generate the default observer schema for each Kubernetes resource present in
``spec.manifest`` for which a custom observer schema hasn't been specified.

Args:
    app (krake.data.kubernetes.Application): The application for which to generate a
        default observer schema",Generate the default observer schema for each Kubernetes resource present in ``spec.manifest`` for which a custom observer schema hasn't been specified.,"def generate_default_observer_schema(app):
","Generar el esquema de observador predeterminado para cada recurso de Kubernetes presente en ``spec.manifest`` para el cual no se haya especificado un esquema de observador personalizado.

```python
def generate_default_observer_schema(app):
```

Generar el esquema de observador predeterminado para cada recurso de Kubernetes presente en  
``spec.manifest`` para el cual no se haya especificado un esquema de observador personalizado.

### Argumentos:
- **app** (*krake.data.kubernetes.Application*): La aplicación para la cual se generará un esquema de observador predeterminado.","def generate_default_observer_schema(app):
""""""
Generar el esquema de observador predeterminado para cada recurso de Kubernetes presente en  
``spec.manifest`` para el cual no se haya especificado un esquema de observador personalizado.

Argumentos:
app(krake.data.kubernetes.Application): La aplicación para la cual se generará un esquema de observador predeterminado.
""""""","['RemoveProgrammingLanguageContext', 'RemoveExtraSpecialCharacters', 'RemoveEncodedAccentInText']","def generate_default_observer_schema(app):
    """"""
    Generar el esquema de observador predeterminado para cada recurso de Kubernetes presente en  
    ``spec.manifest`` para el cual no se haya especificado un esquema de observador personalizado.

    Argumentos:
    app(krake.data.kubernetes.Application): La aplicación para la cual se generará un esquema de observador predeterminado.
    """"""
    default_schema = {}
    for resource in app.spec.manifest:
        if 'observer_schema' not in resource:
            default_schema[resource['kind']] = {
                'apiVersion': resource['apiVersion'],
                'kind': resource['kind'],
                'metadata': {
                    'name': resource['metadata']['name'],
                    'namespace': resource['metadata'].get('namespace', 'default')
                },
                'spec': {}
            }
    return default_schema"
62b43427903eeb48555d3ea5,"Convert sql using self._converter.convert
def format(
		self,
		sql: AnyStr,
		params: Union[Dict[Union[str, int], Any], Sequence[Any]],
	) -> Tuple[AnyStr, Union[Dict[Union[str, int], Any], Sequence[Any]]]:

Convert the SQL query to use the out-style parameters instead of
the in-style parameters.

*sql* (:class:`str` or :class:`bytes`) is the SQL query.

*params* (:class:`~collections.abc.Mapping` or :class:`~collections.abc.Sequence`)
contains the set of in-style parameters. It maps each parameter
(:class:`str` or :class:`int`) to value. If :attr:`.SQLParams.in_style`
is a named parameter style. then *params* must be a :class:`~collections.abc.Mapping`.
If :attr:`.SQLParams.in_style` is an ordinal parameter style, then
*params* must be a :class:`~collections.abc.Sequence`.

Returns a :class:`tuple` containing:

-       The formatted SQL query (:class:`str` or :class:`bytes`).

-       The set of converted out-style parameters (:class:`dict` or
        :class:`list`).",Convert sql using self._converter.convert,"def format(
		self,
		sql: AnyStr,
		params: Union[Dict[Union[str, int], Any], Sequence[Any]],
	) -> Tuple[AnyStr, Union[Dict[Union[str, int], Any], Sequence[Any]]]:
","Convertir SQL usando self._converter.convert  
```python
def format(
		self,
		sql: AnyStr,
		params: Union[Dict[Union[str, int], Any], Sequence[Any]],
	) -> Tuple[AnyStr, Union[Dict[Union[str, int], Any], Sequence[Any]]]:
```

Convierte la consulta SQL para usar parámetros de estilo ""out"" en lugar de parámetros de estilo ""in"".

*sql* (:class:`str` o :class:`bytes`) es la consulta SQL.

*params* (:class:`~collections.abc.Mapping` o :class:`~collections.abc.Sequence`)  
contiene el conjunto de parámetros de estilo ""in"". Mapea cada parámetro  
(:class:`str` o :class:`int`) a un valor. Si :attr:`.SQLParams.in_style`  
es un estilo de parámetro con nombre, entonces *params* debe ser un :class:`~collections.abc.Mapping`.  
Si :attr:`.SQLParams.in_style` es un estilo de parámetro ordinal, entonces  
*params* debe ser un :class:`~collections.abc.Sequence`.

Devuelve una :class:`tuple` que contiene:

- La consulta SQL formateada (:class:`str` o :class:`bytes`).

- El conjunto de parámetros convertidos de estilo ""out"" (:class:`dict` o  
  :class:`list`).","def format(
                self,
                sql: AnyStr,
                params: Union[Dict[Union[str, int], Any], Sequence[Any]],
        ) -> Tuple[AnyStr, Union[Dict[Union[str, int], Any], Sequence[Any]]]:
""""""
Convierte la consulta SQL para usar parámetros de estilo ""out"" en lugar de parámetros de estilo ""in"".

*sql* (:class:`str` o :class:`bytes`) es la consulta SQL.

*params* (:class:`~collections.abc.Mapping` o :class:`~collections.abc.Sequence`)  
contiene el conjunto de parámetros de estilo ""in"". Mapea cada parámetro  
(:class:`str` o :class:`int`) a un valor. Si :attr:`.SQLParams.in_style`  
es un estilo de parámetro con nombre, entonces *params* debe ser un :class:`~collections.abc.Mapping`.  
Si :attr:`.SQLParams.in_style` es un estilo de parámetro ordinal, entonces  
*params* debe ser un :class:`~collections.abc.Sequence`.

Devuelve una :class:`tuple` que contiene:

- La consulta SQL formateada (:class:`str` o :class:`bytes`).

- El conjunto de parámetros convertidos de estilo ""out"" (:class:`dict` o  
  :class:`list`).
""""""","['RemoveProgrammingLanguageContext', 'RemoveEncodedAccentInText']","def format(
                self,
                sql: AnyStr,
                params: Union[Dict[Union[str, int], Any], Sequence[Any]],
        ) -> Tuple[AnyStr, Union[Dict[Union[str, int], Any], Sequence[Any]]]:
    """"""
    Convierte la consulta SQL para usar parámetros de estilo ""out"" en lugar de parámetros de estilo ""in"".

    *sql* (:class:`str` o :class:`bytes`) es la consulta SQL.

    *params* (:class:`~collections.abc.Mapping` o :class:`~collections.abc.Sequence`)  
    contiene el conjunto de parámetros de estilo ""in"". Mapea cada parámetro  
    (:class:`str` o :class:`int`) a un valor. Si :attr:`.SQLParams.in_style`  
    es un estilo de parámetro con nombre, entonces *params* debe ser un :class:`~collections.abc.Mapping`.  
    Si :attr:`.SQLParams.in_style` es un estilo de parámetro ordinal, entonces  
    *params* debe ser un :class:`~collections.abc.Sequence`.

    Devuelve una :class:`tuple` que contiene:

    - La consulta SQL formateada (:class:`str` o :class:`bytes`).

    - El conjunto de parámetros convertidos de estilo ""out"" (:class:`dict` o  
      :class:`list`).
    """"""
    # Implementación del método
    if isinstance(params, dict):
        # Convertir parámetros de estilo ""in"" a estilo ""out"" para un diccionario
        out_params = {key: params[key] for key in params}
        formatted_sql = sql
        for key in out_params:
            formatted_sql = formatted_sql.replace(f"":{key}"", f""${key}"")
    elif isinstance(params, (list, tuple)):
        # Convertir parámetros de estilo ""in"" a estilo ""out"" para una secuencia
        out_params = list(params)
        formatted_sql = sql
        for index in range(len(out_params)):
            formatted_sql = formatted_sql.replace(f""?{index}"", f""${index + 1}"")
    else:
        raise ValueError(""params must be a dictionary or a sequence"")

    return formatted_sql, out_params"
62b43428903eeb48555d3eaa,"Convert sql using self._converter.convert_many
def formatmany(
		self,
		sql: AnyStr,
		many_params: Union[Iterable[Dict[Union[str, int], Any]], Iterable[Sequence[Any]]],
	) -> Tuple[AnyStr, Union[List[Dict[Union[str, int], Any]], List[Sequence[Any]]]]:

Convert the SQL query to use the out-style parameters instead of the
in-style parameters.

*sql* (:class:`str` or :class:`bytes`) is the SQL query.

*many_params* (:class:`~collections.abc.Iterable`) contains each set
of in-style parameters (*params*).

-       *params* (:class:`~collections.abc.Mapping` or :class:`~collections.abc.Sequence`)
        contains the set of in-style parameters. It maps each parameter
        (:class:`str` or :class:`int`) to value. If :attr:`.SQLParams.in_style`
        is a named parameter style. then *params* must be a :class:`~collections.abc.Mapping`.
        If :attr:`.SQLParams.in_style` is an ordinal parameter style. then
        *params* must be a :class:`~collections.abc.Sequence`.

Returns a :class:`tuple` containing:

-       The formatted SQL query (:class:`str` or :class:`bytes`).

-       A :class:`list` containing each set of converted out-style
        parameters (:class:`dict` or :class:`list`).",Convert sql using self._converter.convert_many,"def formatmany(
		self,
		sql: AnyStr,
		many_params: Union[Iterable[Dict[Union[str, int], Any]], Iterable[Sequence[Any]]],
	) -> Tuple[AnyStr, Union[List[Dict[Union[str, int], Any]], List[Sequence[Any]]]]:
","Convertir SQL usando self._converter.convert_many  
```python
def formatmany(
		self,
		sql: AnyStr,
		many_params: Union[Iterable[Dict[Union[str, int], Any]], Iterable[Sequence[Any]]],
	) -> Tuple[AnyStr, Union[List[Dict[Union[str, int], Any]], List[Sequence[Any]]]]:
```

Convierte la consulta SQL para usar parámetros de estilo ""out"" en lugar de parámetros de estilo ""in"".

- **sql** (:class:`str` o :class:`bytes`) es la consulta SQL.

- **many_params** (:class:`~collections.abc.Iterable`) contiene cada conjunto de parámetros de estilo ""in"" (*params*).

  - **params** (:class:`~collections.abc.Mapping` o :class:`~collections.abc.Sequence`) contiene el conjunto de parámetros de estilo ""in"". Mapea cada parámetro (:class:`str` o :class:`int`) a un valor. Si :attr:`.SQLParams.in_style` es un estilo de parámetro nombrado, entonces *params* debe ser un :class:`~collections.abc.Mapping`. Si :attr:`.SQLParams.in_style` es un estilo de parámetro ordinal, entonces *params* debe ser un :class:`~collections.abc.Sequence`.

Devuelve una :class:`tuple` que contiene:

- La consulta SQL formateada (:class:`str` o :class:`bytes`).

- Una :class:`list` que contiene cada conjunto de parámetros convertidos de estilo ""out"" (:class:`dict` o :class:`list`).","def formatmany(
                self,
                sql: AnyStr,
                many_params: Union[Iterable[Dict[Union[str, int], Any]], Iterable[Sequence[Any]]],
        ) -> Tuple[AnyStr, Union[List[Dict[Union[str, int], Any]], List[Sequence[Any]]]]:
""""""
Convierte la consulta SQL para usar parámetros de estilo ""out"" en lugar de parámetros de estilo ""in"".

*sql*(:class:`str` o :class:`bytes`) es la consulta SQL.

*many_params* (:class:`~collections.abc.Iterable`) contiene cada conjunto de parámetros de estilo ""in"" (*params*).

  - *params* (:class:`~collections.abc.Mapping` o :class:`~collections.abc.Sequence`) contiene el conjunto de parámetros de estilo ""in"". Mapea cada parámetro (:class:`str` o :class:`int`) a un valor. Si :attr:`.SQLParams.in_style` es un estilo de parámetro nombrado, entonces *params* debe ser un :class:`~collections.abc.Mapping`. Si :attr:`.SQLParams.in_style` es un estilo de parámetro ordinal, entonces *params* debe ser un :class:`~collections.abc.Sequence`.

Devuelve una :class:`tuple` que contiene:

- La consulta SQL formateada (:class:`str` o :class:`bytes`).

- Una :class:`list` que contiene cada conjunto de parámetros convertidos de estilo ""out"" (:class:`dict` o :class:`list`).
""""""","['RemoveProgrammingLanguageContext', 'RemoveExtraSpecialCharacters', 'RemoveEncodedAccentInText']","def formatmany(
                self,
                sql: AnyStr,
                many_params: Union[Iterable[Dict[Union[str, int], Any]], Iterable[Sequence[Any]]],
        ) -> Tuple[AnyStr, Union[List[Dict[Union[str, int], Any]], List[Sequence[Any]]]]:
    # Determine the parameter style based on the SQL query
    if self.SQLParams.in_style == 'named':
        # Convert to named parameters
        formatted_sql = sql
        out_params = []
        for params in many_params:
            out_param = {f"":{key}"": value for key, value in params.items()}
            out_params.append(out_param)
            formatted_sql = formatted_sql.replace(""?"", f"":{key}"", 1)  # Replace only the first occurrence
    else:
        # Convert to ordinal parameters
        formatted_sql = sql
        out_params = []
        for params in many_params:
            out_param = list(params)
            out_params.append(out_param)
            formatted_sql = formatted_sql.replace(""?"", ""?"", 1)  # Replace only the first occurrence

    return formatted_sql, out_params"
62b45df05108cfac7f2109ce,"Returns True if OCFL object at path or pyfs root, False otherwise.
def validate(self, path):

Validate OCFL object at path or pyfs root.

Returns True if valid (warnings permitted), False otherwise.","Returns True if OCFL object at path or pyfs root, False otherwise.","def validate(self, path):
","Devuelve True si el objeto OCFL en la ruta o en la raíz de pyfs es válido, False en caso contrario.  
```python
def validate(self, path):
```

Valida el objeto OCFL en la ruta o en la raíz de pyfs.

Devuelve True si es válido (se permiten advertencias), False en caso contrario.","def validate(self, path):
""""""
Valida el objeto OCFL en la ruta o en la raíz de pyfs.

Devuelve True si es válido (se permiten advertencias), False en caso contrario.
""""""","['RemoveProgrammingLanguageContext', 'RemoveEncodedAccentInText']","def validate(self, path):
    """"""
    Valida el objeto OCFL en la ruta o en la raíz de pyfs.

    Devuelve True si es válido (se permiten advertencias), False en caso contrario.
    """"""
    try:
        # Simulación de validación del objeto OCFL
        if not os.path.exists(path):
            return False
        
        # Aquí se realizarían las validaciones necesarias
        # Por ejemplo, verificar la estructura de directorios, archivos, etc.
        
        # Si todas las validaciones pasan, se devuelve True
        return True
    except Exception as e:
        # En caso de error, se puede registrar el error o manejarlo
        return False"
62b45df15108cfac7f2109dc,"Return a string with visiting the sorted self.messages list, each visit add prefix and the element in the sorted self.messages list.
def status_str(self, prefix=''):

Return string of validator status, with optional prefix.","Return a string with visiting the sorted self.messages list, each visit add prefix and the element in the sorted self.messages list.","def status_str(self, prefix=''):
","Devuelve una cadena recorriendo la lista ordenada `self.messages`, en cada recorrido agrega el prefijo y el elemento de la lista ordenada `self.messages`.

```python
def status_str(self, prefix=''):
    """"""
    Devuelve una cadena con el estado del validador, con un prefijo opcional.
    """"""
```

","def status_str(self, prefix=''):
""""""
Devuelve una cadena con el estado del validador, con un prefijo opcional.
""""""","['RemoveProgrammingLanguageContext', 'RemoveExtraSpecialCharacters']","def status_str(self, prefix=''):
    """"""
    Devuelve una cadena con el estado del validador, con un prefijo opcional.
    """"""
    status = ""Estado del validador: Activo""  # Ejemplo de estado
    return f""{prefix}{status}"""
62b45df15108cfac7f2109dd,"Return string representation with self.log.status_str, with optional prefix.
def status_str(self, prefix=''):

Return string representation of validation log, with optional prefix.","Return string representation with self.log.status_str, with optional prefix.","def status_str(self, prefix=''):
","Devuelve la representación en forma de cadena con `self.log.status_str`, con un prefijo opcional.  
```python
def status_str(self, prefix=''):
```

Devuelve la representación en forma de cadena del registro de validación, con un prefijo opcional.","def status_str(self, prefix=''):
""""""
Devuelve la representación en forma de cadena del registro de validación, con un prefijo opcional.
""""""","['RemoveProgrammingLanguageContext', 'RemoveEncodedAccentInText']","def status_str(self, prefix=''):
    """"""
    Devuelve la representación en forma de cadena del registro de validación, con un prefijo opcional.
    """"""
    return f""{prefix}{self.validation_log}"""
62b45e135108cfac7f2109f4,"Return True if identifier is valid. In this base implementation, always return True.  (D)
def is_valid(self, identifier): 
Return True if identifier is valid, always True in this base implementation.","Return True if identifier is valid. In this base implementation, always return True.  (D)","def is_valid(self, identifier): ","Devuelve True si el identificador es válido. En esta implementación base, siempre devuelve True. (D)

```python
def is_valid(self, identifier):
    """"""
    Devuelve True si el identificador es válido. 
    En esta implementación base, siempre devuelve True.
    """"""
    return True
```","def is_valid(self, identifier):
""""""
Devuelve True si el identificador es válido. En esta implementación base, siempre devuelve True.
""""""","['RemoveProgrammingLanguageContext', 'RemoveEncodedAccentInText', 'RemoveExtraTextAddedWithinTranslation', 'RemoveExtraSpecialCharacters']","def is_valid(self, identifier):
    """"""
    Devuelve True si el identificador es válido. En esta implementación base, siempre devuelve True.
    """"""
    return True"
62b45e145108cfac7f210a07,"Validate a given inventory. If extract_spec_version is True then will look at the type value to determine the specification version. In the case that there is no type value or it isn't valid, then other tests will be based on the version given in self.spec_version. (D)
def validate(self, inventory, extract_spec_version=False):

Validate a given inventory.

If extract_spec_version is True then will look at the type value to determine
the specification version. In the case that there is no type value or it isn't
valid, then other tests will be based on the version given in self.spec_version.","Validate a given inventory. If extract_spec_version is True then will look at the type value to determine the specification version. In the case that there is no type value or it isn't valid, then other tests will be based on the version given in self.spec_version. (D)","def validate(self, inventory, extract_spec_version=False):
","Validar un inventario dado. Si `extract_spec_version` es True, entonces se verificará el valor de `type` para determinar la versión de la especificación. En el caso de que no exista un valor para `type` o no sea válido, se realizarán otras pruebas basadas en la versión proporcionada en `self.spec_version`. (D)

```python
def validate(self, inventory, extract_spec_version=False):
    """"""
    Validar un inventario dado.

    Si `extract_spec_version` es True, entonces se verificará el valor de `type` para determinar
    la versión de la especificación. En el caso de que no exista un valor para `type` o no sea
    válido, se realizarán otras pruebas basadas en la versión proporcionada en `self.spec_version`.
    """"""
```","def validate(self, inventory, extract_spec_version=False):
""""""
Validar un inventario dado.

Si `extract_spec_version` es True, entonces se verificará el valor de `type` para determinar
la versión de la especificación. En el caso de que no exista un valor para `type` o no sea
válido, se realizarán otras pruebas basadas en la versión proporcionada en `self.spec_version`.
""""""","['RemoveProgrammingLanguageContext', 'RemoveEncodedAccentInText', 'RemoveExtraSpecialCharacters']","def validate(self, inventory, extract_spec_version=False):
    """"""
    Validar un inventario dado.

    Si `extract_spec_version` es True, entonces se verificará el valor de `type` para determinar
    la versión de la especificación. En el caso de que no exista un valor para `type` o no sea
    válido, se realizarán otras pruebas basadas en la versión proporcionada en `self.spec_version`.
    """"""
    if extract_spec_version:
        if 'type' in inventory:
            spec_type = inventory['type']
            if spec_type not in ['valid_type_1', 'valid_type_2']:
                raise ValueError(""Invalid type value in inventory."")
            # Additional logic to handle valid types can be added here
        else:
            raise KeyError(""Type key is missing in inventory."")

    # Perform other validation based on self.spec_version
    if self.spec_version not in ['1.0', '2.0']:
        raise ValueError(""Invalid spec version."")
    
    # Additional inventory validation logic can be added here

    return True  # Return True if validation passes"
62b45e145108cfac7f210a09,"Check all digests in manifest that are needed are present and used. Return error() in the class.
def check_digests_present_and_used(self, manifest_files, digests_used):

Check all digests in manifest that are needed are present and used.",Check all digests in manifest that are needed are present and used. Return error() in the class.,"def check_digests_present_and_used(self, manifest_files, digests_used):
","Verifique que todos los resúmenes (digests) necesarios en el manifiesto estén presentes y se utilicen. Devuelva error() en la clase.

```python
def verificar_resumenes_presentes_y_utilizados(self, archivos_manifiesto, resúmenes_utilizados):
```

Verifique que todos los resúmenes necesarios en el manifiesto estén presentes y se utilicen.","def check_digests_present_and_used(self, manifest_files, digests_used):
""""""
Verifique que todos los resúmenes necesarios en el manifiesto estén presentes y se utilicen.
""""""","['RemoveProgrammingLanguageContext', 'RemoveEncodedAccentInText', 'RollbackPartialVarTranslation']","def check_digests_present_and_used(self, manifest_files, digests_used):
    """"""
    Verifique que todos los resúmenes necesarios en el manifiesto estén presentes y se utilicen.
    """"""
    required_digests = set()
    
    # Recolectar todos los resúmenes necesarios de los archivos de manifiesto
    for manifest in manifest_files:
        with open(manifest, 'r') as file:
            for line in file:
                digest = line.strip()
                if digest:
                    required_digests.add(digest)
    
    # Verificar que todos los resúmenes necesarios se utilicen
    missing_digests = required_digests - set(digests_used)
    
    if missing_digests:
        raise ValueError(f""Faltan los siguientes resúmenes: {missing_digests}"")
    
    return True"
62b45e165108cfac7f210a16,"Check that prior is a valid prior version of the current inventory object. The input variable prior is also expected to be an InventoryValidator object and both self and prior inventories are assumed to have been checked for internal consistency. Return error() in the class.
def validate_as_prior_version(self, prior):

Check that prior is a valid prior version of the current inventory object.

The input variable prior is also expected to be an InventoryValidator object
and both self and prior inventories are assumed to have been checked for
internal consistency.",Check that prior is a valid prior version of the current inventory object. The input variable prior is also expected to be an InventoryValidator object and both self and prior inventories are assumed to have been checked for internal consistency. Return error() in the class.,"def validate_as_prior_version(self, prior):
","Verifique que `prior` sea una versión previa válida del objeto de inventario actual. La variable de entrada `prior` también se espera que sea un objeto de tipo `InventoryValidator`, y se asume que tanto el inventario actual (`self`) como el inventario previo (`prior`) han sido verificados para garantizar su consistencia interna. Devuelva `error()` en la clase.

```python
def validate_as_prior_version(self, prior):
    """"""
    Verifique que `prior` sea una versión previa válida del objeto de inventario actual.

    La variable de entrada `prior` también se espera que sea un objeto de tipo `InventoryValidator`,
    y se asume que tanto el inventario actual (`self`) como el inventario previo (`prior`) han sido
    verificados para garantizar su consistencia interna.
    """"""
```","def validate_as_prior_version(self, prior):
""""""
Verifique que `prior` sea una versión previa válida del objeto de inventario actual.

La variable de entrada `prior` también se espera que sea un objeto de tipo `InventoryValidator`,
y se asume que tanto el inventario actual (`self`) como el inventario previo (`prior`) han sido
verificados para garantizar su consistencia interna.
""""""","['RemoveProgrammingLanguageContext', 'RemoveExtraSpecialCharacters', 'RemoveEncodedAccentInText']","def validate_as_prior_version(self, prior):
    """"""
    Verifique que `prior` sea una versión previa válida del objeto de inventario actual.

    La variable de entrada `prior` también se espera que sea un objeto de tipo `InventoryValidator`,
    y se asume que tanto el inventario actual (`self`) como el inventario previo (`prior`) han sido
    verificados para garantizar su consistencia interna.
    """"""
    if not isinstance(prior, InventoryValidator):
        raise ValueError(""El objeto 'prior' debe ser una instancia de InventoryValidator."")
    
    # Aquí se asume que hay algún método o atributo que permite comparar versiones
    if self.version <= prior.version:
        raise ValueError(""La versión previa no es válida; debe ser anterior a la versión actual."")
    
    # Comparar otros atributos relevantes para validar la versión previa
    if self.items != prior.items:
        raise ValueError(""Los elementos del inventario no coinciden con la versión previa."")
    
    return True"
62b45e165108cfac7f210a17,"Returns the file paths of the states in the inventory in the dict type.
def get_logical_path_map(inventory, version):

Get a map of logical paths in state to files on disk for version in inventory.

Returns a dictionary: logical_path_in_state -> set(content_files)

The set of content_files may includes references to duplicate files in
later versions than the version being described.",Returns the file paths of the states in the inventory in the dict type.,"def get_logical_path_map(inventory, version):
","Devuelve las rutas de los archivos de los estados en el inventario en el tipo dict.

```python
def get_logical_path_map(inventory, version):
```

Obtén un mapa de las rutas lógicas en el estado hacia los archivos en disco para una versión específica en el inventario.

Devuelve un diccionario: `logical_path_in_state -> set(content_files)`

El conjunto de `content_files` puede incluir referencias a archivos duplicados en versiones posteriores a la versión que se está describiendo.","def get_logical_path_map(inventory, version):
""""""
Obtén un mapa de las rutas lógicas en el estado hacia los archivos en disco para una versión específica en el inventario.

Devuelve un diccionario: `logical_path_in_state -> set(content_files)`

El conjunto de `content_files` puede incluir referencias a archivos duplicados en versiones posteriores a la versión que se está describiendo.
""""""","['RemoveProgrammingLanguageContext', 'RemoveEncodedAccentInText']","def get_logical_path_map(inventory, version):
    """"""
    Obtén un mapa de las rutas lógicas en el estado hacia los archivos en disco para una versión específica en el inventario.

    Devuelve un diccionario: `logical_path_in_state -> set(content_files)`

    El conjunto de `content_files` puede incluir referencias a archivos duplicados en versiones posteriores a la versión que se está describiendo.
    """"""
    logical_path_map = {}
    
    for item in inventory:
        if item['version'] <= version:
            logical_path = item['logical_path']
            content_file = item['content_file']
            
            if logical_path not in logical_path_map:
                logical_path_map[logical_path] = set()
                
            logical_path_map[logical_path].add(content_file)
    
    return logical_path_map"
62b45e175108cfac7f210a19,"Validate fixity block in inventory. Check the structure of the fixity block and makes sure that only files listed in the manifest are referenced. Return error() in the class.
def validate_fixity(self, fixity, manifest_files):

Validate fixity block in inventory.

Check the structure of the fixity block and makes sure that only files
listed in the manifest are referenced.",Validate fixity block in inventory. Check the structure of the fixity block and makes sure that only files listed in the manifest are referenced. Return error() in the class.,"def validate_fixity(self, fixity, manifest_files):
","Validar el bloque de fijación en el inventario. Verificar la estructura del bloque de fijación y asegurarse de que solo se referencien los archivos listados en el manifiesto. Devolver error() en la clase.  
```python
def validate_fixity(self, fixity, manifest_files):
```

Validar el bloque de fijación en el inventario.

Verificar la estructura del bloque de fijación y asegurarse de que solo se referencien los archivos listados en el manifiesto.","def validate_fixity(self, fixity, manifest_files):
""""""
Validar el bloque de fijación en el inventario.

Verificar la estructura del bloque de fijación y asegurarse de que solo se referencien los archivos listados en el manifiesto.
""""""","['RemoveProgrammingLanguageContext', 'RemoveEncodedAccentInText']","def validate_fixity(self, fixity, manifest_files):
    """"""
    Validar el bloque de fijación en el inventario.

    Verificar la estructura del bloque de fijación y asegurarse de que solo se referencien los archivos listados en el manifiesto.
    """"""
    # Verificar que el bloque de fijación sea un diccionario
    if not isinstance(fixity, dict):
        raise ValueError(""El bloque de fijación debe ser un diccionario."")

    # Verificar que contenga las claves necesarias
    required_keys = ['file', 'checksum']
    for key in required_keys:
        if key not in fixity:
            raise ValueError(f""Falta la clave '{key}' en el bloque de fijación."")

    # Verificar que el archivo referenciado esté en el manifiesto
    referenced_file = fixity['file']
    if referenced_file not in manifest_files:
        raise ValueError(f""El archivo '{referenced_file}' no está en el manifiesto."")

    # Verificar que el checksum sea una cadena
    if not isinstance(fixity['checksum'], str):
        raise ValueError(""El checksum debe ser una cadena."")

    return True"
62b463153879012d19481498,"Return the files in given path.
def files_list(path):

Return the files in `path`",Return the files in given path.,"def files_list(path):
","Devuelve los archivos en la ruta dada.  
```python
def files_list(path):
```

Devuelve los archivos en `path`.","def files_list(path):
""""""
Devuelve los archivos en `path`.
""""""",['RemoveProgrammingLanguageContext'],"import os

def files_list(path):
    """"""
    Devuelve los archivos en `path`.
    """"""
    return [f for f in os.listdir(path) if os.path.isfile(os.path.join(path, f))]"
62b463153879012d1948149a,"Groups files by xmls and returns data in dict format.
def _group_files_by_xml_filename(source, xmls, files):

Group files by their XML basename

Groups files by their XML basename and returns data in dict format.

Parameters
----------
xml_filename : str
    XML filenames
files : list
    list of files in the folder or zipfile

Returns
-------
dict
    key: name of the XML files
    value: Package",Groups files by xmls and returns data in dict format.,"def _group_files_by_xml_filename(source, xmls, files):
","Agrupa archivos por XML y devuelve los datos en formato dict.

```python
def _group_files_by_xml_filename(source, xmls, files):
```

Agrupa archivos por el nombre base de su archivo XML.

Agrupa los archivos según el nombre base de su archivo XML y devuelve los datos en formato dict.

### Parámetros
----------
**xml_filename** : str  
    Nombres de los archivos XML.  

**files** : list  
    Lista de archivos en la carpeta o archivo comprimido (zip).  

### Retorna
-------
**dict**  
    **clave**: Nombre de los archivos XML.  
    **valor**: Paquete.  ","def _group_files_by_xml_filename(source, xmls, files):
""""""
Agrupa archivos por el nombre base de su archivo XML.

Agrupa los archivos según el nombre base de su archivo XML y devuelve los datos en formato dict.

Parámetros
----------
*xml_filename* : str  
    Nombres de los archivos XML.  

*files* : list  
    Lista de archivos en la carpeta o archivo comprimido (zip).  

Retorna
-------
*dict*
    *key*: Nombre de los archivos XML.  
    *name*: Paquete.  
""""""","['RemoveProgrammingLanguageContext', 'RemoveEncodedAccentInText', 'RemoveExtraSpecialCharacters', 'RollbackPartialVarTranslation']","def _group_files_by_xml_filename(source, xmls, files):
    """"""
    Agrupa archivos por el nombre base de su archivo XML.

    Agrupa los archivos según el nombre base de su archivo XML y devuelve los datos en formato dict.

    Parámetros
    ----------
    *xml_filename* : str  
        Nombres de los archivos XML.  

    *files* : list  
        Lista de archivos en la carpeta o archivo comprimido (zip).  

    Retorna
    -------
    *dict*
        *key*: Nombre de los archivos XML.  
        *name*: Paquete.  
    """"""
    grouped_files = {}
    
    for xml in xmls:
        base_name = xml.rsplit('.', 1)[0]  # Get the base name without extension
        grouped_files[base_name] = []

        for file in files:
            if file.startswith(base_name):
                grouped_files[base_name].append(file)

    return grouped_files"
62b463153879012d1948149b,"Given a filepath, return true if the basename of the filepath is startswith the given prefix plus ""-"" or the given prefix plus "".""
def match_file_by_prefix(prefix, file_path):

Identify if a `file_path` belongs to a document package by a given `prefix`

Retorna `True` para documentos pertencentes a um pacote.

Parameters
----------
prefix : str
    Filename prefix
file_path : str
    File path
Returns
-------
bool
    True - file belongs to the package","Given a filepath, return true if the basename of the filepath is startswith the given prefix plus ""-"" or the given prefix plus "".""","def match_file_by_prefix(prefix, file_path):
","Dado un filepath, retorna `True` si el nombre base del filepath comienza con el prefijo dado seguido de un ""-"" o un "".""

```python
def match_file_by_prefix(prefix, file_path):
```

Identifica si un `file_path` pertenece a un paquete de documentos según un `prefix` dado.

Retorna `True` para documentos que pertenecen a un paquete.

### Parámetros
----------
**prefix** : str  
&nbsp;&nbsp;&nbsp;&nbsp;Prefijo del nombre del archivo.  

**file_path** : str  
&nbsp;&nbsp;&nbsp;&nbsp;Ruta del archivo.  

### Retorna
-------
**bool**  
&nbsp;&nbsp;&nbsp;&nbsp;`True` - el archivo pertenece al paquete.  ","def match_file_by_prefix(prefix, file_path):
""""""
Identifica si un `file_path` pertenece a un paquete de documentos según un `prefix` dado.

Retorna `True` para documentos que pertenecen a un paquete.

Parámetros
----------
prefix : str  
Prefijo del nombre del archivo.  

file_path* : str  
Ruta del archivo.  

Retorna
-------
bool
`True` - el archivo pertenece al paquete.  
""""""","['RemoveProgrammingLanguageContext', 'RemoveExtraSpecialCharacters', 'RemoveEncodedAccentInText']","def match_file_by_prefix(prefix, file_path):
    """"""
    Identifica si un `file_path` pertenece a un paquete de documentos según un `prefix` dado.

    Retorna `True` para documentos que pertenecen a un paquete.

    Parámetros
    ----------
    prefix : str  
    Prefijo del nombre del archivo.  

    file_path : str  
    Ruta del archivo.  

    Retorna
    -------
    bool
    `True` - el archivo pertenece al paquete.  
    """"""
    import os
    
    # Extraer el nombre del archivo de la ruta
    file_name = os.path.basename(file_path)
    
    # Verificar si el nombre del archivo comienza con el prefijo dado
    return file_name.startswith(prefix)"
62b463153879012d1948149c,"For each file in files, return all files taht match the given prefix
def select_filenames_by_prefix(prefix, files):

Get files which belongs to a document package.

Retorna os arquivos da lista `files` cujos nomes iniciam com `prefix`

Parameters
----------
prefix : str
    Filename prefix
files : str list
    Files paths
Returns
-------
list
    files paths which basename files matches to prefix","For each file in files, return all files taht match the given prefix","def select_filenames_by_prefix(prefix, files):
","Para cada archivo en `files`, retorna todos los archivos que coincidan con el prefijo dado.

```python
def select_filenames_by_prefix(prefix, files):
```

Obtén los archivos que pertenecen a un paquete de documentos.

Retorna los archivos de la lista `files` cuyos nombres comienzan con `prefix`.

### Parámetros
----------
**prefix** : str  
&nbsp;&nbsp;&nbsp;&nbsp;Prefijo del nombre del archivo.  

**files** : lista de str  
&nbsp;&nbsp;&nbsp;&nbsp;Rutas de los archivos.  

### Retorna
-------
**list**  
&nbsp;&nbsp;&nbsp;&nbsp;Lista de rutas de archivos cuyos nombres base coinciden con el prefijo `prefix`.","def select_filenames_by_prefix(prefix, files):
""""""
Obtén los archivos que pertenecen a un paquete de documentos.

Retorna los archivos de la lista `files` cuyos nombres comienzan con `prefix`.

Parámetros
----------
prefix : str  
Prefijo del nombre del archivo.  

files : lista de str  
Rutas de los archivos.  

Retorna
-------
list  
Lista de rutas de archivos cuyos nombres base coinciden con el prefijo `prefix`.
""""""","['RemoveProgrammingLanguageContext', 'RemoveExtraSpecialCharacters', 'RemoveEncodedAccentInText']","def select_filenames_by_prefix(prefix, files):
    """"""
    Obtén los archivos que pertenecen a un paquete de documentos.

    Retorna los archivos de la lista `files` cuyos nombres comienzan con `prefix`.

    Parámetros
    ----------
    prefix : str  
    Prefijo del nombre del archivo.  

    files : lista de str  
    Rutas de los archivos.  

    Retorna
    -------
    list  
    Lista de rutas de archivos cuyos nombres base coinciden con el prefijo `prefix`.
    """"""
    return [file for file in files if file.startswith(prefix)]"
62b463153879012d1948149d,"Groups files in the given group by using _group_files_by_xml_filename.
def _explore_folder(folder):

Get packages' data from folder

Groups files by their XML basename and returns data in dict format.

Parameters
----------
folder : str
    Folder of the package
Returns
-------
dict",Groups files in the given group by using _group_files_by_xml_filename.,"def _explore_folder(folder):
","Agrupa archivos en el grupo dado utilizando _group_files_by_xml_filename.  
def _explore_folder(folder):  

Obtiene los datos de los paquetes desde la carpeta.  

Agrupa los archivos por el nombre base de su archivo XML y devuelve los datos en formato de diccionario.  

Parámetros  
----------  
folder : str  
    Carpeta del paquete  

Retorna  
-------  
dict  ","def _explore_folder(folder):  
""""""
Obtiene los datos de los paquetes desde la carpeta.  

Agrupa los archivos por el nombre base de su archivo XML y devuelve los datos en formato de diccionario.  

Parámetros  
----------  
folder : str  
    Carpeta del paquete  

Retorna  
-------  
dict  
""""""",['AddQuotesForEnglishWordsInText'],"def _explore_folder(folder):  
    """"""
    Obtiene los datos de los paquetes desde la carpeta.  

    Agrupa los archivos por el nombre base de su archivo XML y devuelve los datos en formato de diccionario.  

    Parámetros  
    ----------  
    folder : str  
        Carpeta del paquete  

    Retorna  
    -------  
    dict  
    """"""
    import os
    import xml.etree.ElementTree as ET

    data = {}
    
    for filename in os.listdir(folder):
        if filename.endswith('.xml'):
            base_name = os.path.splitext(filename)[0]
            file_path = os.path.join(folder, filename)
            tree = ET.parse(file_path)
            root = tree.getroot()
            data[base_name] = {child.tag: child.text for child in root}
    
    return data"
62b463153879012d1948149f,"Identify the type of the given file. Return None if the file do not match the given prefix or the type of the file is xml. Return dict with the key of component_id, file_path if the type of the file is ""pdf"", return dict with the key of component_id, file_path, ftype, file_path if the type of the file is not ""pdf"".
def _eval_file(prefix, file_path):

Identifica o tipo de arquivo do pacote: `asset` ou `rendition`.

Identifica o tipo de arquivo do pacote e atualiza `packages` com o tipo e
o endereço do arquivo em análise.

Parameters
----------
prefix : str
    nome do arquivo XML sem extensão
filename : str
    filename
file_folder : str
    file folder

Returns
-------
dict","Identify the type of the given file. Return None if the file do not match the given prefix or the type of the file is xml. Return dict with the key of component_id, file_path if the type of the file is ""pdf"", return dict with the key of component_id, file_path, ftype, file_path if the type of the file is not ""pdf"".","def _eval_file(prefix, file_path):
","```python
Identifica el tipo del archivo dado. Devuelve None si el archivo no coincide con el prefijo dado o si el tipo del archivo es XML. Devuelve un diccionario con las claves `component_id` y `file_path` si el tipo del archivo es ""pdf"". Devuelve un diccionario con las claves `component_id`, `file_path`, `ftype` y `file_path` si el tipo del archivo no es ""pdf"".

def _eval_file(prefix, file_path):

Identifica el tipo de archivo del paquete: `asset` o `rendition`.

Identifica el tipo de archivo del paquete y actualiza `packages` con el tipo y
la ruta del archivo en análisis.

Parámetros
----------
prefix : str
    nombre del archivo XML sin extensión
filename : str
    nombre del archivo
file_folder : str
    carpeta del archivo

Retorna
-------
dict
```","def _eval_file(prefix, file_path):
""""""
Identifica el tipo de archivo del paquete: `asset` o `rendition`.

Identifica el tipo de archivo del paquete y actualiza `packages` con el tipo y
la ruta del archivo en análisis.

Parámetros
----------
prefix : str
    nombre del archivo XML sin extensión
filename : str
    nombre del archivo
file_folder : str
    carpeta del archivo

Retorna
-------
dict
""""""","['RemoveProgrammingLanguageContext', 'RemoveEncodedAccentInText', 'AddQuotesForEnglishWordsInText', 'FixTranslation']","def _eval_file(prefix, file_path):
    """"""
    Identifica el tipo de archivo del paquete: `asset` o `rendition`.

    Identifica el tipo de archivo del paquete y actualiza `packages` con el tipo y
    la ruta del archivo en análisis.

    Parámetros
    ----------
    prefix : str
        nombre del archivo XML sin extensión
    file_path : str
        nombre del archivo

    Retorna
    -------
    dict
    """"""
    import os

    # Initialize the result dictionary
    result = {}

    # Extract the file extension
    _, file_extension = os.path.splitext(file_path)

    # Determine the type of file based on the extension
    if file_extension in ['.jpg', '.png', '.gif']:
        file_type = 'asset'
    elif file_extension in ['.mp4', '.mov', '.avi']:
        file_type = 'rendition'
    else:
        file_type = 'unknown'

    # Update the result dictionary
    result['type'] = file_type
    result['path'] = os.path.join(prefix, file_path)

    return result"
62b463153879012d194814a1,"Assign the filepath invoke by filepath() in the class to ""lang"" in _renditions in the class.
def add_rendition(self, lang, file_path):

{
    ""original"": ""artigo02.pdf"",
    ""en"": ""artigo02-en.pdf"",
}","Assign the filepath invoke by filepath() in the class to ""lang"" in _renditions in the class.","def add_rendition(self, lang, file_path):
","As a technical writer, here's the translation of the provided text into Spanish:

---

Asigne la ruta de archivo invocada por `filepath()` en la clase a ""lang"" en `_renditions` dentro de la clase.

```python
def add_rendition(self, lang, file_path):
    {
        ""original"": ""artigo02.pdf"",
        ""en"": ""artigo02-en.pdf"",
    }
```

---

Let me know if you need further assistance!","def add_rendition(self, lang, file_path):
""""""
    {
        ""original"": ""artigo02.pdf"",
        ""en"": ""artigo02-en.pdf"",
    }
""""""","['RemoveProgrammingLanguageContext', '']","def add_rendition(self, lang, file_path):
    """"""
    Adds a rendition of a file in a specified language.

    Args:
        lang (str): The language code for the rendition (e.g., 'en').
        file_path (str): The path to the rendition file.

    Example:
        {
            ""original"": ""artigo02.pdf"",
            ""en"": ""artigo02-en.pdf"",
        }
    """"""
    if not hasattr(self, 'renditions'):
        self.renditions = {}
    
    self.renditions[lang] = file_path"
62b463163879012d194814a2,"Assign the filepath invoke by filepath() in the class to ""basename"" in _assets in the class.
def add_asset(self, basename, file_path):

""{
    ""artigo02-gf03.tiff"": ""/path/artigo02-gf03.tiff"",
    ""artigo02-gf03.jpg"": ""/path/artigo02-gf03.jpg"",
    ""artigo02-gf03.png"": ""/path/artigo02-gf03.png"",
}","Assign the filepath invoke by filepath() in the class to ""basename"" in _assets in the class.","def add_asset(self, basename, file_path):
","As a technical writer for a software development project, here is the translation of the provided text into Spanish:

---

Asigne la ruta de archivo invocada por `filepath()` en la clase a ""basename"" en `_assets` dentro de la clase.

```python
def add_asset(self, basename, file_path):
```

```json
{
    ""artigo02-gf03.tiff"": ""/path/artigo02-gf03.tiff"",
    ""artigo02-gf03.jpg"": ""/path/artigo02-gf03.jpg"",
    ""artigo02-gf03.png"": ""/path/artigo02-gf03.png""
}
```

--- 

Let me know if you need further assistance!","def add_asset(self, basename, file_path):
""""""
{
    ""artigo02-gf03.tiff"": ""/path/artigo02-gf03.tiff"",
    ""artigo02-gf03.jpg"": ""/path/artigo02-gf03.jpg"",
    ""artigo02-gf03.png"": ""/path/artigo02-gf03.png""
}
""""""",['RemoveProgrammingLanguageContext'],"def add_asset(self, basename, file_path):
    """"""
    {
        ""artigo02-gf03.tiff"": ""/path/artigo02-gf03.tiff"",
        ""artigo02-gf03.jpg"": ""/path/artigo02-gf03.jpg"",
        ""artigo02-gf03.png"": ""/path/artigo02-gf03.png""
    }
    """"""
    if not hasattr(self, 'assets'):
        self.assets = {}
    
    file_extension = file_path.split('.')[-1]
    self.assets[f""{basename}.{file_extension}""] = file_path"
62b463163879012d194814a4,"Groups the given zip path by using _group_files_by_xml_filename.
def _explore_zipfile(zip_path):

Get packages' data from zip_path

Groups files by their XML basename and returns data in dict format.

Parameters
----------
zip_path : str
    zip file path
Returns
-------
dict",Groups the given zip path by using _group_files_by_xml_filename.,"def _explore_zipfile(zip_path):
","Agrupa la ruta del archivo zip proporcionada utilizando _group_files_by_xml_filename.

```python
def _explore_zipfile(zip_path):
```

Obtiene los datos de los paquetes desde `zip_path`.

Agrupa los archivos por el nombre base de su archivo XML y devuelve los datos en formato de diccionario.

### Parámetros
----------
`zip_path` : str  
    Ruta del archivo zip.

### Retorna
-------
`dict`  
    Diccionario con los datos agrupados.","def _explore_zipfile(zip_path):
""""""
Obtiene los datos de los paquetes desde `zip_path`.

Agrupa los archivos por el nombre base de su archivo XML y devuelve los datos en formato de diccionario.

Parámetros
----------
zip_path: str  
    Ruta del archivo zip.
Retorna
-------
dict  
""""""","['RemoveProgrammingLanguageContext', 'RemoveExtraSpecialCharacters', 'AddQuotesForEnglishWordsInText', 'RemoveEncodedAccentInText', 'RemoveExtraTextAddedWithinTranslation']","def _explore_zipfile(zip_path):
    """"""
    Obtiene los datos de los paquetes desde `zip_path`.

    Agrupa los archivos por el nombre base de su archivo XML y devuelve los datos en formato de diccionario.

    Parámetros
    ----------
    zip_path: str  
        Ruta del archivo zip.
    Retorna
    -------
    dict  
    """"""
    import zipfile
    from collections import defaultdict
    import os

    data_dict = defaultdict(list)

    with zipfile.ZipFile(zip_path, 'r') as zip_file:
        for file_info in zip_file.infolist():
            if file_info.filename.endswith('.xml'):
                base_name = os.path.splitext(os.path.basename(file_info.filename))[0]
                with zip_file.open(file_info.filename) as file:
                    data_dict[base_name].append(file.read())

    return dict(data_dict)"
62b463163879012d194814a6,"Return the files in the given zip path.
def files_list_from_zipfile(zip_path):

Return the files in `zip_path`

Example:

```
[
    '2318-0889-tinf-33-0421/2318-0889-tinf-33-e200069.pdf',
    '2318-0889-tinf-33-0421/2318-0889-tinf-33-e200069.xml',
    '2318-0889-tinf-33-0421/2318-0889-tinf-33-e200071.pdf',
    '2318-0889-tinf-33-0421/2318-0889-tinf-33-e200071.xml',
    '2318-0889-tinf-33-0421/2318-0889-tinf-33-e200071-gf01.tif',
    '2318-0889-tinf-33-0421/2318-0889-tinf-33-e200071-gf02.tif',
    '2318-0889-tinf-33-0421/2318-0889-tinf-33-e200071-gf03.tif',
    '2318-0889-tinf-33-0421/2318-0889-tinf-33-e200071-gf04.tif',
]
```",Return the files in the given zip path.,"def files_list_from_zipfile(zip_path):
","Devuelve los archivos en la ruta del archivo zip proporcionada.  
`def files_list_from_zipfile(zip_path):`

Devuelve los archivos en `zip_path`.

Ejemplo:

```
[
    '2318-0889-tinf-33-0421/2318-0889-tinf-33-e200069.pdf',
    '2318-0889-tinf-33-0421/2318-0889-tinf-33-e200069.xml',
    '2318-0889-tinf-33-0421/2318-0889-tinf-33-e200071.pdf',
    '2318-0889-tinf-33-0421/2318-0889-tinf-33-e200071.xml',
    '2318-0889-tinf-33-0421/2318-0889-tinf-33-e200071-gf01.tif',
    '2318-0889-tinf-33-0421/2318-0889-tinf-33-e200071-gf02.tif',
    '2318-0889-tinf-33-0421/2318-0889-tinf-33-e200071-gf03.tif',
    '2318-0889-tinf-33-0421/2318-0889-tinf-33-e200071-gf04.tif',
]
```","def files_list_from_zipfile(zip_path):
""""""
Devuelve los archivos en `zip_path`.

Ejemplo:

[
    '2318-0889-tinf-33-0421/2318-0889-tinf-33-e200069.pdf',
    '2318-0889-tinf-33-0421/2318-0889-tinf-33-e200069.xml',
    '2318-0889-tinf-33-0421/2318-0889-tinf-33-e200071.pdf',
    '2318-0889-tinf-33-0421/2318-0889-tinf-33-e200071.xml',
    '2318-0889-tinf-33-0421/2318-0889-tinf-33-e200071-gf01.tif',
    '2318-0889-tinf-33-0421/2318-0889-tinf-33-e200071-gf02.tif',
    '2318-0889-tinf-33-0421/2318-0889-tinf-33-e200071-gf03.tif',
    '2318-0889-tinf-33-0421/2318-0889-tinf-33-e200071-gf04.tif',
]
""""""",[''],"import zipfile

def files_list_from_zipfile(zip_path):
    """"""
    Devuelve los archivos en `zip_path`.

    Ejemplo:

    [
        '2318-0889-tinf-33-0421/2318-0889-tinf-33-e200069.pdf',
        '2318-0889-tinf-33-0421/2318-0889-tinf-33-e200069.xml',
        '2318-0889-tinf-33-0421/2318-0889-tinf-33-e200071.pdf',
        '2318-0889-tinf-33-0421/2318-0889-tinf-33-e200071.xml',
        '2318-0889-tinf-33-0421/2318-0889-tinf-33-e200071-gf01.tif',
        '2318-0889-tinf-33-0421/2318-0889-tinf-33-e200071-gf02.tif',
        '2318-0889-tinf-33-0421/2318-0889-tinf-33-e200071-gf03.tif',
        '2318-0889-tinf-33-0421/2318-0889-tinf-33-e200071-gf04.tif',
    ]
    """"""
    with zipfile.ZipFile(zip_path, 'r') as zip_file:
        return zip_file.namelist()"
62b4631b3879012d194814dd,"Replace ""w:st="" in content with ""w-st="".
def fix_namespace_prefix_w(content):

Convert text that defaults to 'w:st=""' to 'w-st=""'","Replace ""w:st="" in content with ""w-st="".","def fix_namespace_prefix_w(content):
","Reemplace ""w:st="" en el contenido con ""w-st="".
def corregir_prefijo_espacio_de_nombres_w(contenido):

Convierte el texto que por defecto es 'w:st=""' a 'w-st=""'","def fix_namespace_prefix_w(content):
""""""
Convierte el texto que por defecto es 'w:st=""' a 'w-st=""'
""""""",['RollbackPartialVarTranslation'],"def fix_namespace_prefix_w(content):
    """"""
    Convierte el texto que por defecto es 'w:st=""' a 'w-st=""'
    """"""
    return content.replace('w:st=""', 'w-st=""')"
62b463283879012d1948153d,"For the given node, returns the first match in the pubdate_xpaths list.
def match_pubdate(node, pubdate_xpaths):

Returns the first match in the pubdate_xpaths list","For the given node, returns the first match in the pubdate_xpaths list.","def match_pubdate(node, pubdate_xpaths):
","Para el nodo dado, devuelve la primera coincidencia en la lista de pubdate_xpaths.  
```python
def match_pubdate(node, pubdate_xpaths):
```

Devuelve la primera coincidencia en la lista de pubdate_xpaths.","def match_pubdate(node, pubdate_xpaths):
""""""
Devuelve la primera coincidencia en la lista de 'pubdate_xpaths'.
""""""","['RemoveProgrammingLanguageContext', 'AddQuotesForEnglishWordsInText']","def match_pubdate(node, pubdate_xpaths):
    """"""
    Devuelve la primera coincidencia en la lista de 'pubdate_xpaths'.
    """"""
    for xpath in pubdate_xpaths:
        result = node.xpath(xpath)
        if result:
            return result[0]
    return None"
62b463303879012d19481579,"Return the possible values of number and sup from the contents of issue.
def _extract_number_and_supplment_from_issue_element(issue):

Extract the possible values of number and suppl from the contents of issue.",Return the possible values of number and sup from the contents of issue.,"def _extract_number_and_supplment_from_issue_element(issue):
","Devuelve los posibles valores de número y suplemento a partir del contenido de issue.  
```python
def _extract_number_and_supplment_from_issue_element(issue):
```

Extrae los posibles valores de número y suplemento a partir del contenido de issue.","def _extract_number_and_supplment_from_issue_element(issue):
""""""
Extrae los posibles valores de 'number' y 'suppl' a partir del contenido de 'issue'.
""""""","['RemoveProgrammingLanguageContext', 'AddQuotesForEnglishWordsInText', 'RemoveEncodedAccentInText', 'FixTranslation']","def _extract_number_and_supplment_from_issue_element(issue):
    """"""
    Extrae los posibles valores de 'number' y 'suppl' a partir del contenido de 'issue'.
    """"""
    number = None
    suppl = None
    
    # Assuming 'issue' is a string that may contain 'number' and 'suppl'
    if isinstance(issue, str):
        parts = issue.split()
        for part in parts:
            if part.startswith('number:'):
                number = part.split(':')[1]
            elif part.startswith('suppl:'):
                suppl = part.split(':')[1]
    
    return number, suppl"
62b46740d2f69a53b466171a,"Return a pretty formatted representation of self. obj = f""'{self.obj}'"" if isinstance(self.obj, str) else repr(self.obj) return ("" "" * indent) + f""{self.__class__.__name__}({debug_details}{obj})""
def pretty(self, indent=0, debug=False):

Return a pretty formatted representation of self.","Return a pretty formatted representation of self. obj = f""'{self.obj}'"" if isinstance(self.obj, str) else repr(self.obj) return ("" "" * indent) + f""{self.__class__.__name__}({debug_details}{obj})""","def pretty(self, indent=0, debug=False):
","Devuelve una representación formateada de manera legible de sí mismo.

```python
def pretty(self, indent=0, debug=False):
    """"""
    Devuelve una representación formateada de manera legible de sí mismo.
    """"""
    obj = f""'{self.obj}'"" if isinstance(self.obj, str) else repr(self.obj)
    return ("" "" * indent) + f""{self.__class__.__name__}({debug_details}{obj})""
```

En este código, el método `pretty` genera una representación en formato legible del objeto actual (`self`). Si el atributo `self.obj` es una cadena de texto, se encierra entre comillas simples; de lo contrario, se utiliza la representación estándar (`repr`). El resultado incluye el nombre de la clase y los detalles de depuración (`debug_details`), con una sangría opcional especificada por el parámetro `indent`.","def pretty(self, indent=0, debug=False):
""""""
Devuelve una representación formateada de manera legible de 'self'.
""""""","['RemoveProgrammingLanguageContext', 'RemoveExtraTextAddedWithinTranslation', 'RemoveEncodedAccentInText']","def pretty(self, indent=0, debug=False):
    """"""
    Devuelve una representación formateada de manera legible de 'self'.
    """"""
    indent_str = ' ' * indent
    representation = f""{indent_str}Class: {self.__class__.__name__}\n""
    
    for attr, value in self.__dict__.items():
        representation += f""{indent_str}  {attr}: {value}\n""
    
    if debug:
        representation += f""{indent_str}  Debug Info: {self.__dict__}\n""
    
    return representation"
62b46746d2f69a53b4661722,"Given an `args` sequence of expressions, return a new list of expression applying absorption.
def absorb(self, args):

Given an `args` sequence of expressions, return a new list of expression
applying absorption and negative absorption.

See https://en.wikipedia.org/wiki/Absorption_law

Absorption::

    A & (A | B) = A, A | (A & B) = A

Negative absorption::

    A & (~A | B) = A & B, A | (~A & B) = A | B","Given an `args` sequence of expressions, return a new list of expression applying absorption.","def absorb(self, args):
","Dada una secuencia `args` de expresiones, devuelve una nueva lista de expresiones aplicando absorción.

```python
def absorb(self, args):
```

Dada una secuencia `args` de expresiones, devuelve una nueva lista de expresiones aplicando absorción y absorción negativa.

Consulta https://es.wikipedia.org/wiki/Leyes_de_absorci%C3%B3n

Absorción::

    A & (A | B) = A, A | (A & B) = A

Absorción negativa::

    A & (~A | B) = A & B, A | (~A & B) = A | B","def absorb(self, args):
""""""
Dada una secuencia `args` de expresiones, devuelve una nueva lista de expresiones aplicando absorción y absorción negativa.

Consulta https://es.wikipedia.org/wiki/Leyes_de_absorci%C3%B3n

Absorción::

    A & (A | B) = A, A | (A & B) = A

Absorción negativa::

    A & (~A | B) = A & B, A | (~A & B) = A | B
""""""","['RemoveProgrammingLanguageContext', 'RemoveEncodedAccentInText']","def absorb(self, args):
    """"""
    Dada una secuencia `args` de expresiones, devuelve una nueva lista de expresiones aplicando absorción y absorción negativa.

    Consulta https://es.wikipedia.org/wiki/Leyes_de_absorci%C3%B3n

    Absorción::

        A & (A | B) = A, A | (A & B) = A

    Absorción negativa::

        A & (~A | B) = A & B, A | (~A & B) = A | B
    """"""
    result = []
    for expr in args:
        if isinstance(expr, tuple) and len(expr) == 3:
            a, op, b = expr
            if op == '&':
                if (a == b) or (b == ('|', a)):
                    result.append(a)
                elif (a == ('~', b)) or (b == ('~', a)):
                    result.append(('&', a, b))
                else:
                    result.append(expr)
            elif op == '|':
                if (a == b) or (b == ('&', a)):
                    result.append(a)
                elif (a == ('~', b)) or (b == ('~', a)):
                    result.append(('|', a, b))
                else:
                    result.append(expr)
        else:
            result.append(expr)
    return result"
62b86707b4d922cb0e688c2a,"Return a decorator function to add a new handler to the ""hook"" in the registry in the class.
def on(self, hook):

Decorator function to add a new handler to the registry.

Args:
    hook (HookType): Hook attribute for which to register the handler.

Returns:
    callable: Decorator for registering listeners for the specified
    hook.","Return a decorator function to add a new handler to the ""hook"" in the registry in the class.","def on(self, hook):
","Devuelve una función decoradora para agregar un nuevo manejador al ""hook"" en el registro de la clase.

```python
def on(self, hook):
```

Función decoradora para agregar un nuevo manejador al registro.

### Argumentos:
- **hook (HookType)**: Atributo del hook para el cual se registrará el manejador.

### Retorna:
- **callable**: Decorador para registrar los listeners para el hook especificado.","def on(self, hook):
""""""
Función decoradora para agregar un nuevo manejador al registro.

Argumentos:
hook (HookType): Atributo del hook para el cual se registrará el manejador.

Retorna:
callable: Decorador para registrar los listeners para el hook especificado.
""""""","['RemoveProgrammingLanguageContext', 'RemoveEncodedAccentInText', 'RemoveExtraSpecialCharacters']","def on(self, hook):
    """"""
    Función decoradora para agregar un nuevo manejador al registro.

    Argumentos:
    hook (HookType): Atributo del hook para el cual se registrará el manejador.

    Retorna:
    callable: Decorador para registrar los listeners para el hook especificado.
    """"""
    def decorator(func):
        if hook not in self._listeners:
            self._listeners[hook] = []
        self._listeners[hook].append(func)
        return func
    return decorator"
62b86729b4d922cb0e688c2f,"Creates a configuration with some simple parameters, the key parameters contains ""tls"", ""authentication"", ""authorization"", ""etcd"", ""docs"", and ""log"".
def base_config(user, etcd_host=""localhost"", etcd_port=2379):

Creates a configuration with some simple parameters, which have a default value
that can be set.

Args:
    user (str): the name of the user for the static authentication
    etcd_host (str): the host for the database.
    etcd_port (int): the port for the database.

Returns:
    dict: the created configuration.","Creates a configuration with some simple parameters, the key parameters contains ""tls"", ""authentication"", ""authorization"", ""etcd"", ""docs"", and ""log"".","def base_config(user, etcd_host=""localhost"", etcd_port=2379):
","Crea una configuración con algunos parámetros simples, los parámetros clave incluyen ""tls"", ""authentication"", ""authorization"", ""etcd"", ""docs"" y ""log"".
```python
def base_config(user, etcd_host=""localhost"", etcd_port=2379):
```

Crea una configuración con algunos parámetros simples, los cuales tienen un valor predeterminado que puede ser configurado.

**Argumentos:**
- **user (str):** el nombre del usuario para la autenticación estática.
- **etcd_host (str):** el host para la base de datos.
- **etcd_port (int):** el puerto para la base de datos.

**Retorna:**
- **dict:** la configuración creada.","def base_config(user, etcd_host=""localhost"", etcd_port=2379):
""""""
Crea una configuración con algunos parámetros simples, los cuales tienen un valor predeterminado que puede ser configurado.

Argumentos:
user (str): el nombre del usuario para la autenticación estática.
etcd_host (str): el host para la base de datos.
etcd_port (int): el puerto para la base de datos.

Retorna:
dict: la configuración creada.
""""""","['RemoveProgrammingLanguageContext', 'RemoveEncodedAccentInText', 'RemoveExtraSpecialCharacters']","def base_config(user, etcd_host=""localhost"", etcd_port=2379):
    """"""
    Crea una configuración con algunos parámetros simples, los cuales tienen un valor predeterminado que puede ser configurado.

    Argumentos:
    user (str): el nombre del usuario para la autenticación estática.
    etcd_host (str): el host para la base de datos.
    etcd_port (int): el puerto para la base de datos.

    Retorna:
    dict: la configuración creada.
    """"""
    config = {
        ""user"": user,
        ""etcd_host"": etcd_host,
        ""etcd_port"": etcd_port
    }
    return config"
62b8a4a4755ee91dce50a3d2,"Given a timezone datetime in a given timezone, calculates a timezone datetime in a new timezone.
def _fromutc(self, dt):

Given a timezone-aware datetime in a given timezone, calculates a
timezone-aware datetime in a new timezone.

Since this is the one time that we *know* we have an unambiguous
datetime object, we take this opportunity to determine whether the
datetime is ambiguous and in a ""fold"" state (e.g. if it's the first
occurrence, chronologically, of the ambiguous datetime).

:param dt:
    A timezone-aware :class:`datetime.datetime` object.","Given a timezone datetime in a given timezone, calculates a timezone datetime in a new timezone.","def _fromutc(self, dt):
","Dado un objeto datetime con zona horaria en una zona horaria específica, calcula un objeto datetime con zona horaria en una nueva zona horaria.

```python
def _fromutc(self, dt):
```

Dado un objeto datetime consciente de la zona horaria en una zona horaria específica, calcula un objeto datetime consciente de la zona horaria en una nueva zona horaria.

Dado que esta es la única ocasión en la que *sabemos* que tenemos un objeto datetime no ambiguo, aprovechamos esta oportunidad para determinar si el datetime es ambiguo y está en un estado de ""pliegue"" (por ejemplo, si es la primera ocurrencia, cronológicamente, del datetime ambiguo).

:param dt:  
    Un objeto :class:`datetime.datetime` consciente de la zona horaria.","def _fromutc(self, dt):
""""""
Dado un objeto 'datetime' consciente de la zona horaria en una zona horaria específica, calcula un objeto 'datetime' consciente de la zona horaria en una nueva zona horaria.

Dado que esta es la única ocasión en la que *sabemos* que tenemos un objeto 'datetime' no ambiguo, aprovechamos esta oportunidad para determinar si el 'datetime' es ambiguo y está en un estado de ""pliegue"" (por ejemplo, si es la primera ocurrencia, cronológicamente, del 'datetime' ambiguo).

:param dt:  
    Un objeto :class:`datetime.datetime` consciente de la zona horaria.
""""""","['RemoveProgrammingLanguageContext', 'AddQuotesForEnglishWordsInText', 'RemoveEncodedAccentInText']","def _fromutc(self, dt):
    """"""
    Dado un objeto 'datetime' consciente de la zona horaria en una zona horaria específica, calcula un objeto 'datetime' consciente de la zona horaria en una nueva zona horaria.

    Dado que esta es la única ocasión en la que *sabemos* que tenemos un objeto 'datetime' no ambiguo, aprovechamos esta oportunidad para determinar si el 'datetime' es ambiguo y está en un estado de ""pliegue"" (por ejemplo, si es la primera ocurrencia, cronológicamente, del 'datetime' ambiguo).

    :param dt:  
        Un objeto :class:`datetime.datetime` consciente de la zona horaria.
    """"""
    # Verificar que el objeto dt es consciente de la zona horaria
    if dt.tzinfo is None:
        raise ValueError(""El objeto datetime debe ser consciente de la zona horaria"")

    # Convertir el datetime a la nueva zona horaria
    new_dt = dt.astimezone(self)

    # Determinar si el datetime es ambiguo
    if new_dt.dst() == timedelta(0) and new_dt.utcoffset() is not None:
        # Si no hay diferencia de horario, no es ambiguo
        return new_dt
    else:
        # Manejar el caso de datetime ambiguo
        # Aquí se puede implementar la lógica para determinar si es la primera ocurrencia
        # del datetime ambiguo, dependiendo de la implementación específica
        raise ValueError(""El datetime es ambiguo y no se puede determinar su estado"")"
62b8982f755ee91dce50a241,"Normalize all units of time to integers.
def normalized(self):

Return a version of this object represented entirely using integer
values for the relative attributes.

>>> relativedelta(days=1.5, hours=2).normalized()
relativedelta(days=+1, hours=+14)

:return:
    Returns a :class:`dateutil.relativedelta.relativedelta` object.",Normalize all units of time to integers.,"def normalized(self):
","Normalizar todas las unidades de tiempo a enteros.
def normalized(self):

Devuelve una versión de este objeto representada completamente utilizando valores enteros para los atributos relativos.

>>> relativedelta(days=1.5, hours=2).normalized()
relativedelta(days=+1, hours=+14)

:return:
    Devuelve un objeto de la clase :class:`dateutil.relativedelta.relativedelta`.","def normalized(self):
""""""
Devuelve una versión de este objeto representada completamente utilizando valores enteros para los atributos relativos.

>>> relativedelta(days=1.5, hours=2).normalized()
relativedelta(days=+1, hours=+14)

:return:
    Devuelve un objeto de la clase :class:`dateutil.relativedelta.relativedelta`.
""""""",['RemoveEncodedAccentInText'],"from dateutil.relativedelta import relativedelta

def normalized(self):
    """"""
    Devuelve una versión de este objeto representada completamente utilizando valores enteros para los atributos relativos.

    >>> relativedelta(days=1.5, hours=2).normalized()
    relativedelta(days=+1, hours=+14)

    :return:
        Devuelve un objeto de la clase :class:`dateutil.relativedelta.relativedelta`.
    """"""
    total_days = int(self.days) + int(self.hours // 24)
    total_hours = int(self.hours % 24)
    return relativedelta(days=total_days, hours=total_hours)"
62b89640755ee91dce50a114,"def tzname_in_python2(namefunc):

Change unicode output into bytestrings in Python 2

tzname() API changed in Python 3. It used to return bytes, but was changed
to unicode strings",Change unicode output into bytestrings in Python 2,"def tzname_in_python2(namefunc):
","```python
def tzname_in_python2(namefunc):

Cambiar la salida de unicode a cadenas de bytes en Python 2

La API tzname() cambió en Python 3. Solía devolver bytes, pero fue modificada
para devolver cadenas unicode.
```","def tzname_in_python2(namefunc):
""""""
Cambiar la salida de unicode a cadenas de bytes en Python 2

La API tzname() cambió en Python 3. Solía devolver bytes, pero fue modificada
para devolver cadenas unicode.
""""""","['RemoveProgrammingLanguageContext', 'RemoveEncodedAccentInText']","def tzname_in_python2(namefunc):
    """"""
    Cambiar la salida de unicode a cadenas de bytes en Python 2

    La API tzname() cambió en Python 3. Solía devolver bytes, pero fue modificada
    para devolver cadenas unicode.
    """"""
    def wrapper(*args, **kwargs):
        return namefunc(*args, **kwargs).encode('utf-8')
    return wrapper"
62b87d24d292efb640a55670,"Obtains the version information. If the version information cannot be obtained, the default value is returned.
def get_versions():

Get version information or return default if unable to do so.","Obtains the version information. If the version information cannot be obtained, the default value is returned.","def get_versions():
","Obtiene la información de la versión. Si no se puede obtener la información de la versión, se devuelve el valor predeterminado.  
```python
def get_versions():
    # Obtén la información de la versión o devuelve el valor predeterminado si no es posible obtenerla.
```","def get_versions():
""""""
Obtén la información de la versión o devuelve el valor predeterminado si no es posible obtenerla.
""""""","['RemoveProgrammingLanguageContext', 'RemoveEncodedAccentInText', 'RemoveExtraSpecialCharacters']","def get_versions():
    """"""
    Obtén la información de la versión o devuelve el valor predeterminado si no es posible obtenerla.
    """"""
    try:
        import pkg_resources
        version_info = pkg_resources.get_distribution(""your_package_name"").version
        return version_info
    except Exception:
        return ""0.0.0""  # Valor predeterminado si no se puede obtener la versión"
62b87d24d292efb640a5566f,"Input pieces and a style, render the pieces to the corresponding style.
def render(pieces, style):

Render the given version pieces into the requested style.","Input pieces and a style, render the pieces to the corresponding style.","def render(pieces, style):
","Entrada de piezas y un estilo, renderiza las piezas al estilo correspondiente.
```python
def render(piezas, estilo):
```

Renderiza las piezas de versión dadas en el estilo solicitado.","def render(pieces, style):
""""""
Renderiza las piezas de versión dadas en el estilo solicitado.
""""""","['RemoveProgrammingLanguageContext', 'RemoveEncodedAccentInText', 'RollbackPartialVarTranslation', 'FixTranslation']","def render(pieces, style):
    """"""
    Renderiza las piezas de versión dadas en el estilo solicitado.
    """"""
    rendered_output = []
    for piece in pieces:
        if style == 'bold':
            rendered_output.append(f""**{piece}**"")
        elif style == 'italic':
            rendered_output.append(f""*{piece}*"")
        elif style == 'underline':
            rendered_output.append(f""__{piece}__"")
        else:
            rendered_output.append(piece)  # Default to plain text
    return '\n'.join(rendered_output)"
62b87d24d292efb640a5566d,"Return ""."" If the closet-tag of the pieces contains ""+"", otherwise, return ""+"".
def plus_or_dot(pieces):

Return a + if we don't already have one, else return a .","Return ""."" If the closet-tag of the pieces contains ""+"", otherwise, return ""+"".","def plus_or_dot(pieces):
","Devuelve ""."" si la etiqueta más cercana de las piezas contiene ""+"", de lo contrario, devuelve ""+"".

```python
def plus_or_dot(pieces):
    # Devuelve un ""+"" si no tenemos uno ya, de lo contrario, devuelve un "".""
```","def plus_or_dot(pieces):
"""""" 
Devuelve un ""+"" si no tenemos uno ya, de lo contrario, devuelve un "".""
""""""","['RemoveProgrammingLanguageContext', 'RemoveExtraSpecialCharacters', 'RemoveEncodedAccentInText']","def plus_or_dot(pieces):
    """""" 
    Devuelve un ""+"" si no tenemos uno ya, de lo contrario, devuelve un "".""
    """"""
    return ""+"" if ""+"" not in pieces else ""."""
62b87d23d292efb640a5566b,"def run_command(commands, args, cwd=None, verbose=False, hide_stderr=False, env=None):

Call the given command(s).",Call the given command(s).,"def run_command(commands, args, cwd=None, verbose=False, hide_stderr=False, env=None):
","```python
def run_command(commands, args, cwd=None, verbose=False, hide_stderr=False, env=None):

Llama al/los comando(s) dado(s).
```","def run_command(commands, args, cwd=None, verbose=False, hide_stderr=False, env=None):
""""""
Llama al/los comando(s) dado(s).
""""""",['RemoveProgrammingLanguageContext'],"import subprocess
import os

def run_command(commands, args, cwd=None, verbose=False, hide_stderr=False, env=None):
    """"""
    Llama al/los comando(s) dado(s).
    """"""
    if cwd is None:
        cwd = os.getcwd()
    
    if env is None:
        env = os.environ.copy()
    
    if isinstance(commands, str):
        commands = [commands]
    
    results = []
    
    for command in commands:
        full_command = [command] + args
        if verbose:
            print(f""Running command: {' '.join(full_command)} in {cwd}"")
        
        stderr = subprocess.DEVNULL if hide_stderr else None
        
        result = subprocess.run(full_command, cwd=cwd, env=env, stderr=stderr)
        results.append(result)
    
    return results"
62b87d23d292efb640a55668,"Return a new VersioneerConfig() and set various attribute of it.
def get_config():

Create, populate and return the VersioneerConfig() object.",Return a new VersioneerConfig() and set various attribute of it.,"def get_config():
","Devuelve un nuevo objeto VersioneerConfig() y establece varios atributos en él.

```python
def get_config():
    """"""
    Crea, completa y devuelve el objeto VersioneerConfig().
    """"""
```","def get_config():
""""""
Crea, completa y devuelve el objeto VersioneerConfig().
""""""",['RemoveProgrammingLanguageContext'],"def get_config():
    """"""
    Crea, completa y devuelve el objeto VersioneerConfig().
    """"""
    class VersioneerConfig:
        def __init__(self):
            self.version = None
            self.tag_prefix = None
            self.vcs = None

        def set_version(self, version):
            self.version = version

        def set_tag_prefix(self, tag_prefix):
            self.tag_prefix = tag_prefix

        def set_vcs(self, vcs):
            self.vcs = vcs

    config = VersioneerConfig()
    config.set_version(""0.1.0"")
    config.set_tag_prefix(""v"")
    config.set_vcs(""git"")

    return config"
62b87d23d292efb640a55667,"Create decorator to mark a method as the handler of a object
def register_vcs_handler(vcs, method):  # decorator
    """"""Create decorator to mark a method as the handler of a VCS.""""""

    def decorate(f):

Create decorator to mark a method as the handler of a VCS.",Create decorator to mark a method as the handler of a object,"def register_vcs_handler(vcs, method):  # decorator
    """"""Create decorator to mark a method as the handler of a VCS.""""""

    def decorate(f):
","Crear un decorador para marcar un método como el manejador de un objeto  
```python
def registrar_manejador_vcs(vcs, metodo):  # decorador
    """"""Crear un decorador para marcar un método como el manejador de un VCS.""""""

    def decorar(f):
        # Aquí puedes agregar la lógica para registrar el método como manejador
        # del sistema de control de versiones (VCS) especificado.
        f.vcs = vcs
        f.metodo = metodo
        return f

    return decorar
```

### Explicación:
1. **`registrar_manejador_vcs`**: Es el decorador principal que toma como parámetros el sistema de control de versiones (`vcs`) y el método que se desea registrar como manejador.
2. **`decorar`**: Es la función interna que envuelve la función original (`f`) y le agrega atributos personalizados (`vcs` y `metodo`) para marcarla como manejador.
3. **`return decorar`**: Devuelve la función decoradora que se aplicará a los métodos.

### Ejemplo de uso:
```python
@registrar_manejador_vcs(""git"", ""commit"")
def manejar_commit():
    print(""Manejando commit para Git."")

print(manejar_commit.vcs)  # Salida: git
print(manejar_commit.metodo)  # Salida: commit
```

Este decorador es útil para registrar dinámicamente métodos como manejadores de diferentes sistemas o eventos en un proyecto de desarrollo de software.","def register_vcs_handler(vcs, method):  # decorador
    """"""Crear un decorador para marcar un método como el manejador de un VCS.

    def decorate(f):

Crear un decorador para marcar un método como el manejador de un VCS  
""""""","['RemoveProgrammingLanguageContext', 'RemoveExtraTextAddedWithinTranslation', 'RemoveEncodedAccentInText', 'RollbackPartialVarTranslation']","def register_vcs_handler(vcs, method):  # decorador
    """"""Crear un decorador para marcar un método como el manejador de un VCS.

    def decorate(f):
        """"""Función decoradora que registra el método como manejador.""""""
        if not hasattr(register_vcs_handler, 'handlers'):
            register_vcs_handler.handlers = {}
        register_vcs_handler.handlers[(vcs, method)] = f
        return f

    return decorate"
62b45e945108cfac7f210a4a,"def validate_hierarchy(self, validate_objects=True, check_digests=True, show_warnings=False):

Validate storage root hierarchy.

Returns:
    num_objects - number of objects checked
    good_objects - number of objects checked that were found to be valid","Validate storage root hierarchy.

Returns:
    num_objects - number of objects checked
    good_objects - number of objects checked that were found to be valid","def validate_hierarchy(self, validate_objects=True, check_digests=True, show_warnings=False):
","```python
def validate_hierarchy(self, validate_objects=True, check_digests=True, show_warnings=False):
    """"""
    Validar la jerarquía de la raíz de almacenamiento.

    Retorna:
        num_objects - número de objetos verificados
        good_objects - número de objetos verificados que se encontraron válidos
    """"""
```","def validate_hierarchy(self, validate_objects=True, check_digests=True, show_warnings=False):
""""""
    Validar la jerarquía de la raíz de almacenamiento.

    Retorna:
        num_objects - número de objetos verificados
        good_objects - número de objetos verificados que se encontraron válidos
""""""","['RemoveProgrammingLanguageContext', 'RemoveEncodedAccentInText']","def validate_hierarchy(self, validate_objects=True, check_digests=True, show_warnings=False):
    """"""
    Validar la jerarquía de la raíz de almacenamiento.

    Retorna:
        num_objects - número de objetos verificados
        good_objects - número de objetos verificados que se encontraron válidos
    """"""
    num_objects = 0
    good_objects = 0

    # Simulated validation process
    for obj in self.storage_root:
        num_objects += 1
        is_valid = self.validate_object(obj, validate_objects, check_digests)
        
        if is_valid:
            good_objects += 1
        elif show_warnings:
            print(f""Warning: Object {obj} is invalid."")

    return num_objects, good_objects

def validate_object(self, obj, validate_objects, check_digests):
    # Placeholder for actual validation logic
    return True  # Assume all objects are valid for this example"
62b45e515108cfac7f210a3c,"def initialize(self):

Create and initialize a new OCFL storage root.",Create and initialize a new OCFL storage root.,"def initialize(self):
","```python
def initialize(self):
    """"""
    Crear e inicializar una nueva raíz de almacenamiento OCFL.
    """"""
```","def initialize(self):
""""""
Crear e inicializar una nueva raíz de almacenamiento OCFL.
""""""","['RemoveProgrammingLanguageContext', 'RemoveEncodedAccentInText']","def initialize(self):
    """"""
    Crear e inicializar una nueva raíz de almacenamiento OCFL.
    """"""
    # Código para crear e inicializar la raíz de almacenamiento OCFL
    self.root = self.create_ocfl_root()
    self.setup_initial_structure()
    self.configure_storage_settings()
    return self.root

def create_ocfl_root(self):
    # Lógica para crear la raíz OCFL
    pass

def setup_initial_structure(self):
    # Lógica para configurar la estructura inicial
    pass

def configure_storage_settings(self):
    # Lógica para configurar los ajustes de almacenamiento
    pass"
62b45e2eb89c9fd354170232,"Given next version identifier following existing pattern
def next_version(version):

Next version identifier following existing pattern.

Must deal with both zero-prefixed and non-zero prefixed versions.",Given next version identifier following existing pattern,"def next_version(version):
","Dado el siguiente identificador de versión siguiendo el patrón existente  
```python
def next_version(version):
```

El identificador de la siguiente versión debe seguir el patrón existente.

Debe manejar tanto versiones con prefijo de ceros como versiones sin prefijo de ceros.","def next_version(version):
""""""
El identificador de la siguiente versión debe seguir el patrón existente.

Debe manejar tanto versiones con prefijo de ceros como versiones sin prefijo de ceros.
""""""","['RemoveProgrammingLanguageContext', 'RemoveEncodedAccentInText']","def next_version(version):
    """"""
    El identificador de la siguiente versión debe seguir el patrón existente.

    Debe manejar tanto versiones con prefijo de ceros como versiones sin prefijo de ceros.
    """"""
    parts = version.split('.')
    for i in range(len(parts) - 1, -1, -1):
        if parts[i].isdigit():
            parts[i] = str(int(parts[i]) + 1)
            break
        else:
            parts[i] = '0'
    return '.'.join(parts)"
62b45e23e0d4551b0392c90a,"def validate_version_inventories(self, version_dirs):

Each version SHOULD have an inventory up to that point.

Also keep a record of any content digests different from those in the root inventory
so that we can also check them when validating the content.

version_dirs is an array of version directory names and is assumed to be in
version sequence (1, 2, 3...).","Each version SHOULD have an inventory up to that point.

Also keep a record of any content digests different from those in the root inventory
so that we can also check them when validating the content.

version_dirs is an array of version directory names and is assumed to be in
version sequence (1, 2, 3...).","def validate_version_inventories(self, version_dirs):
","```python
def validar_inventarios_versiones(self, directorios_version):

    Cada versión DEBE tener un inventario hasta ese punto.

    También se debe mantener un registro de cualquier resumen de contenido (digest) 
    que sea diferente de los que están en el inventario raíz, 
    para que también podamos verificarlos al validar el contenido.

    directorios_version es un arreglo de nombres de directorios de versiones 
    y se asume que están en secuencia de versiones (1, 2, 3...).
```","def validate_version_inventories(self, version_dirs):
""""""
    Cada versión DEBE tener un inventario hasta ese punto.

    También se debe mantener un registro de cualquier resumen de contenido (digest) 
    que sea diferente de los que están en el inventario raíz, 
    para que también podamos verificarlos al validar el contenido.

    'version_dirs' es un arreglo de nombres de directorios de versiones 
    y se asume que están en secuencia de versiones (1, 2, 3...).
""""""","['RemoveProgrammingLanguageContext', 'RemoveEncodedAccentInText', 'RollbackPartialVarTranslation', 'AddQuotesForEnglishWordsInText']","def validate_version_inventories(self, version_dirs):
    """"""
    Cada versión DEBE tener un inventario hasta ese punto.

    También se debe mantener un registro de cualquier resumen de contenido (digest) 
    que sea diferente de los que están en el inventario raíz, 
    para que también podamos verificarlos al validar el contenido.

    'version_dirs' es un arreglo de nombres de directorios de versiones 
    y se asume que están en secuencia de versiones (1, 2, 3...).
    """"""
    root_inventory = self.load_inventory(version_dirs[0])
    mismatched_digests = {}

    for version in version_dirs:
        current_inventory = self.load_inventory(version)
        
        if not self.validate_inventory(current_inventory, root_inventory):
            raise ValueError(f""Invalid inventory for version: {version}"")
        
        for item, digest in current_inventory.items():
            if item in root_inventory and root_inventory[item] != digest:
                mismatched_digests[item] = digest

    return mismatched_digests

def load_inventory(self, version):
    # Simulated method to load inventory for a given version
    pass

def validate_inventory(self, current_inventory, root_inventory):
    # Simulated method to validate the current inventory against the root inventory
    pass"
62b45e21e0d4551b0392c8ed,"def find_path_type(path):

Return a string indicating the type of thing at the given path.

Return values:
    'root' - looks like an OCFL Storage Root
    'object' - looks like an OCFL Object
    'file' - a file, might be an inventory
    other string explains error description

Looks only at ""0=*"" Namaste files to determine the directory type.",Return a string indicating the type of thing at the given path,"def find_path_type(path):
","```python
def find_path_type(path):

Devuelve una cadena que indica el tipo de elemento en la ruta proporcionada.

Valores de retorno:
    'root' - parece ser una Raíz de Almacenamiento OCFL
    'object' - parece ser un Objeto OCFL
    'file' - un archivo, podría ser un inventario
    otra cadena explica la descripción del error

Solo examina los archivos ""0=*"" Namaste para determinar el tipo de directorio.
```","def find_path_type(path):
""""""
Devuelve una cadena que indica el tipo de elemento en la ruta proporcionada.

Valores de retorno:
    'root' - parece ser una Raíz de Almacenamiento OCFL
    'object' - parece ser un Objeto OCFL
    'file' - un archivo, podría ser un inventario
    otra cadena explica la descripción del error

Solo examina los archivos ""0=*"" Namaste para determinar el tipo de directorio.
""""""","['RemoveProgrammingLanguageContext', 'RemoveEncodedAccentInText']","def find_path_type(path):
    """"""
    Devuelve una cadena que indica el tipo de elemento en la ruta proporcionada.

    Valores de retorno:
        'root' - parece ser una Raíz de Almacenamiento OCFL
        'object' - parece ser un Objeto OCFL
        'file' - un archivo, podría ser un inventario
        otra cadena explica la descripción del error

    Solo examina los archivos ""0=*"" Namaste para determinar el tipo de directorio.
    """"""
    import os

    if not os.path.exists(path):
        return ""La ruta no existe""

    if os.path.isdir(path):
        # Verificar si es una raíz de almacenamiento OCFL
        if any(file.startswith(""0="") for file in os.listdir(path)):
            return 'root'
        else:
            return 'object'
    elif os.path.isfile(path):
        return 'file'
    else:
        return ""Tipo de elemento desconocido"""
62b45b396decaeff903e1001,"def amend_bzparams(self, params, bug_ids):

Amend the Bugzilla params",Amend the Bugzilla params,"def amend_bzparams(self, params, bug_ids):
","```python
def modificar_parametros_bz(self, parametros, ids_bugs):

    Modificar los parámetros de Bugzilla
```","def amend_bzparams(self, params, bug_ids):
""""""
Modificar los parámetros de Bugzilla
""""""","['RemoveProgrammingLanguageContext', 'RemoveEncodedAccentInText', 'RollbackPartialVarTranslation']","def amend_bzparams(self, params, bug_ids):
    """"""
    Modificar los parámetros de Bugzilla
    """"""
    for bug_id in bug_ids:
        if bug_id in params:
            params[bug_id] = self.modify_param(params[bug_id])
    return params

def modify_param(self, param):
    # Implementación de la modificación del parámetro
    # Esto es un ejemplo, la lógica real dependerá de los requisitos específicos
    return param + ""_modified"""
62b4567ed7d32e5b55cc83d9,"Merge any node values corresponding to duplicate keys and return the result. If there are colliding keys with non-MappingNode values, the last of the values remains.
def deep_merge_nodes(nodes):

Given a nested borgmatic configuration data structure as a list of tuples in the form of:

    (
        ruamel.yaml.nodes.ScalarNode as a key,
        ruamel.yaml.nodes.MappingNode or other Node as a value,
    ),

... deep merge any node values corresponding to duplicate keys and return the result. If
there are colliding keys with non-MappingNode values (e.g., integers or strings), the last
of the values wins.

For instance, given node values of:

    [
        (
            ScalarNode(tag='tag:yaml.org,2002:str', value='retention'),
            MappingNode(tag='tag:yaml.org,2002:map', value=[
                (
                    ScalarNode(tag='tag:yaml.org,2002:str', value='keep_hourly'),
                    ScalarNode(tag='tag:yaml.org,2002:int', value='24')
                ),
                (
                    ScalarNode(tag='tag:yaml.org,2002:str', value='keep_daily'),
                    ScalarNode(tag='tag:yaml.org,2002:int', value='7')
                ),
            ]),
        ),
        (
            ScalarNode(tag='tag:yaml.org,2002:str', value='retention'),
            MappingNode(tag='tag:yaml.org,2002:map', value=[
                (
                    ScalarNode(tag='tag:yaml.org,2002:str', value='keep_daily'),
                    ScalarNode(tag='tag:yaml.org,2002:int', value='5')
                ),
            ]),
        ),
    ]

... the returned result would be:

    [
        (
            ScalarNode(tag='tag:yaml.org,2002:str', value='retention'),
            MappingNode(tag='tag:yaml.org,2002:map', value=[
                (
                    ScalarNode(tag='tag:yaml.org,2002:str', value='keep_hourly'),
                    ScalarNode(tag='tag:yaml.org,2002:int', value='24')
                ),
                (
                    ScalarNode(tag='tag:yaml.org,2002:str', value='keep_daily'),
                    ScalarNode(tag='tag:yaml.org,2002:int', value='5')
                ),
            ]),
        ),
    ]

The purpose of deep merging like this is to support, for instance, merging one borgmatic
configuration file into another for reuse, such that a configuration section (""retention"",
etc.) does not completely replace the corresponding section in a merged file.","Merge any node values corresponding to duplicate keys and return the result. If there are colliding keys with non-MappingNode values, the last of the values remains.","def deep_merge_nodes(nodes):
","Fusiona cualquier valor de nodo correspondiente a claves duplicadas y devuelve el resultado. Si hay claves en conflicto con valores que no son de tipo `MappingNode`, el último de los valores prevalece.

```python
def deep_merge_nodes(nodes):
```

Dado un conjunto de datos de configuración anidada de borgmatic en forma de una lista de tuplas con el siguiente formato:

```
    (
        ruamel.yaml.nodes.ScalarNode como clave,
        ruamel.yaml.nodes.MappingNode u otro tipo de nodo como valor,
    ),
```

... fusiona de manera profunda cualquier valor de nodo correspondiente a claves duplicadas y devuelve el resultado. Si hay claves en conflicto con valores que no son de tipo `MappingNode` (por ejemplo, enteros o cadenas de texto), el último de los valores prevalece.

Por ejemplo, dado el siguiente conjunto de valores de nodo:

```python
[
    (
        ScalarNode(tag='tag:yaml.org,2002:str', value='retention'),
        MappingNode(tag='tag:yaml.org,2002:map', value=[
            (
                ScalarNode(tag='tag:yaml.org,2002:str', value='keep_hourly'),
                ScalarNode(tag='tag:yaml.org,2002:int', value='24')
            ),
            (
                ScalarNode(tag='tag:yaml.org,2002:str', value='keep_daily'),
                ScalarNode(tag='tag:yaml.org,2002:int', value='7')
            ),
        ]),
    ),
    (
        ScalarNode(tag='tag:yaml.org,2002:str', value='retention'),
        MappingNode(tag='tag:yaml.org,2002:map', value=[
            (
                ScalarNode(tag='tag:yaml.org,2002:str', value='keep_daily'),
                ScalarNode(tag='tag:yaml.org,2002:int', value='5')
            ),
        ]),
    ),
]
```

... el resultado devuelto sería:

```python
[
    (
        ScalarNode(tag='tag:yaml.org,2002:str', value='retention'),
        MappingNode(tag='tag:yaml.org,2002:map', value=[
            (
                ScalarNode(tag='tag:yaml.org,2002:str', value='keep_hourly'),
                ScalarNode(tag='tag:yaml.org,2002:int', value='24')
            ),
            (
                ScalarNode(tag='tag:yaml.org,2002:str', value='keep_daily'),
                ScalarNode(tag='tag:yaml.org,2002:int', value='5')
            ),
        ]),
    ),
]
```

El propósito de realizar una fusión profunda de esta manera es permitir, por ejemplo, fusionar un archivo de configuración de borgmatic en otro para su reutilización, de modo que una sección de configuración (como ""retention"", etc.) no reemplace completamente la sección correspondiente en un archivo fusionado.","def deep_merge_nodes(nodes):
""""""
Dado un conjunto de datos de configuración anidada de borgmatic en forma de una lista de tuplas con el siguiente formato:

    (
        ruamel.yaml.nodes.ScalarNode como clave,
        ruamel.yaml.nodes.MappingNode u otro tipo de nodo como valor,
    ),


... fusiona de manera profunda cualquier valor de nodo correspondiente a claves duplicadas y devuelve el resultado. Si hay claves en conflicto con valores que no son de tipo `MappingNode` (por ejemplo, enteros o cadenas de texto), el último de los valores prevalece.

Por ejemplo, dado el siguiente conjunto de valores de nodo:

[
    (
        ScalarNode(tag='tag:yaml.org,2002:str', value='retention'),
        MappingNode(tag='tag:yaml.org,2002:map', value=[
            (
                ScalarNode(tag='tag:yaml.org,2002:str', value='keep_hourly'),
                ScalarNode(tag='tag:yaml.org,2002:int', value='24')
            ),
            (
                ScalarNode(tag='tag:yaml.org,2002:str', value='keep_daily'),
                ScalarNode(tag='tag:yaml.org,2002:int', value='7')
            ),
        ]),
    ),
    (
        ScalarNode(tag='tag:yaml.org,2002:str', value='retention'),
        MappingNode(tag='tag:yaml.org,2002:map', value=[
            (
                ScalarNode(tag='tag:yaml.org,2002:str', value='keep_daily'),
                ScalarNode(tag='tag:yaml.org,2002:int', value='5')
            ),
        ]),
    ),
]

... el resultado devuelto sería:

[
    (
        ScalarNode(tag='tag:yaml.org,2002:str', value='retention'),
        MappingNode(tag='tag:yaml.org,2002:map', value=[
            (
                ScalarNode(tag='tag:yaml.org,2002:str', value='keep_hourly'),
                ScalarNode(tag='tag:yaml.org,2002:int', value='24')
            ),
            (
                ScalarNode(tag='tag:yaml.org,2002:str', value='keep_daily'),
                ScalarNode(tag='tag:yaml.org,2002:int', value='5')
            ),
        ]),
    ),
]
```

El propósito de realizar una fusión profunda de esta manera es permitir, por ejemplo, fusionar un archivo de configuración de borgmatic en otro para su reutilización, de modo que una sección de configuración (como ""retention"", etc.) no reemplace completamente la sección correspondiente en un archivo fusionado.
""""""","['RemoveProgrammingLanguageContext', 'RemoveEncodedAccentInText']","def deep_merge_nodes(nodes):
    from ruamel.yaml.nodes import ScalarNode, MappingNode

    merged = {}

    for key_node, value_node in nodes:
        key = key_node.value
        if key not in merged:
            merged[key] = value_node
        else:
            existing_value = merged[key]
            if isinstance(existing_value, MappingNode) and isinstance(value_node, MappingNode):
                # Merge the two MappingNodes
                for sub_key_node, sub_value_node in value_node.value:
                    existing_value.value.append((sub_key_node, sub_value_node))
            else:
                # If there's a conflict with non-MappingNode, take the last one
                merged[key] = value_node

    # Convert the merged dictionary back to the required format
    result = []
    for key, value in merged.items():
        result.append((ScalarNode(tag='tag:yaml.org,2002:str', value=key), value))

    return result"
62b4567ad7d32e5b55cc83af,"Given command-line arguments with which this script was invoked, parse the arguments and return  them as an ArgumentParser instance
def parse_arguments(*arguments):

Given command-line arguments with which this script was invoked, parse the arguments and return
them as an ArgumentParser instance.","Given command-line arguments with which this script was invoked, parse the arguments and return  them as an ArgumentParser instance","def parse_arguments(*arguments):
","Dado los argumentos de línea de comandos con los que se invocó este script, analiza los argumentos y devuélvelos como una instancia de `ArgumentParser`.

```python
def parse_arguments(*arguments):
    """"""
    Dado los argumentos de línea de comandos con los que se invocó este script, analiza los argumentos
    y los devuelve como una instancia de ArgumentParser.
    """"""
    # Implementación aquí
```

","def parse_arguments(*arguments):
""""""
Dado los argumentos de línea de comandos con los que se invocó este script, analiza los argumentos y los devuelve como una instancia de 'ArgumentParser'.
""""""
","['RemoveProgrammingLanguageContext', 'RemoveEncodedAccentInText', 'AddQuotesForEnglishWordsInText']","import argparse

def parse_arguments(*arguments):
    """"""
    Dado los argumentos de línea de comandos con los que se invocó este script, analiza los argumentos y los devuelve como una instancia de 'ArgumentParser'.
    """"""
    parser = argparse.ArgumentParser()
    
    # Aquí puedes agregar los argumentos que deseas analizar
    parser.add_argument('--example', type=str, help='Un ejemplo de argumento')
    
    # Analiza los argumentos
    parsed_args = parser.parse_args(arguments)
    
    return parsed_args"
62b45679d7d32e5b55cc83a9,"def parser_flags(parser):

Given an argparse.ArgumentParser instance, return its argument flags in a space-separated
string.","Given an argparse.ArgumentParser instance, return its argument flags in a space-separated
string.","def parser_flags(parser):
","```python
def parser_flags(parser):
    """"""
    Dada una instancia de argparse.ArgumentParser, devuelve sus banderas de argumentos
    en una cadena separada por espacios.
    """"""
```","def parser_flags(parser):
""""""
Dada una instancia de 'argparse.ArgumentParser', devuelve sus banderas de argumentos
en una cadena separada por espacios.
""""""","['RemoveProgrammingLanguageContext', 'AddQuotesForEnglishWordsInText']","def parser_flags(parser):
    """"""
    Dada una instancia de 'argparse.ArgumentParser', devuelve sus banderas de argumentos
    en una cadena separada por espacios.
    """"""
    return ' '.join([action.option_strings[0] for action in parser._actions if action.option_strings])"
62b45665d7d32e5b55cc8365,"Parses parameters and returns them as dict maps
def parse_arguments(*unparsed_arguments):

Given command-line arguments with which this script was invoked, parse the arguments and return
them as a dict mapping from subparser name (or ""global"") to an argparse.Namespace instance.",Parses parameters and returns them as dict maps,"def parse_arguments(*unparsed_arguments):
","Analiza parámetros y los devuelve como mapas de diccionario  
`def parse_arguments(*unparsed_arguments):`

Dado un conjunto de argumentos de línea de comandos con los que se invocó este script, analiza los argumentos y los devuelve como un diccionario que mapea desde el nombre del subparser (o ""global"") a una instancia de `argparse.Namespace`.","def parse_arguments(*unparsed_arguments):
""""""
Dado un conjunto de argumentos de línea de comandos con los que se invocó este script, analiza los argumentos y los devuelve como un diccionario que mapea desde el nombre del subparser (o ""global"") a una instancia de `argparse.Namespace`.
""""""","['RemoveExtraSpecialCharacters', 'RemoveEncodedAccentInText']","def parse_arguments(*unparsed_arguments):
    """"""
    Dado un conjunto de argumentos de línea de comandos con los que se invocó este script, analiza los argumentos y los devuelve como un diccionario que mapea desde el nombre del subparser (o ""global"") a una instancia de `argparse.Namespace`.
    """"""
    import argparse

    parser = argparse.ArgumentParser()
    subparsers = parser.add_subparsers(dest='subparser_name')

    # Aquí se pueden agregar subcomandos y sus argumentos
    # Ejemplo de un subcomando
    subparser_a = subparsers.add_parser('comando_a')
    subparser_a.add_argument('--opcion_a', type=int, help='Opción para comando_a')

    subparser_b = subparsers.add_parser('comando_b')
    subparser_b.add_argument('--opcion_b', type=str, help='Opción para comando_b')

    # Analizar los argumentos
    args = parser.parse_args(unparsed_arguments)

    # Devolver un diccionario que mapea el nombre del subparser a la instancia de Namespace
    return {args.subparser_name: args}"
62b45665d7d32e5b55cc8364,"def parse_subparser_arguments(unparsed_arguments, subparsers):

Given a sequence of arguments and a dict from subparser name to argparse.ArgumentParser
instance, give each requested action's subparser a shot at parsing all arguments. This allows
common arguments like ""--repository"" to be shared across multiple subparsers.

Return the result as a tuple of (a dict mapping from subparser name to a parsed namespace of
arguments, a list of remaining arguments not claimed by any subparser).","Given a sequence of arguments and a dict from subparser name to argparse.ArgumentParser
instance, give each requested action's subparser a shot at parsing all arguments. This allows
common arguments like ""--repository"" to be shared across multiple subparsers.

Return the result as a tuple of (a dict mapping from subparser name to a parsed namespace of
arguments, a list of remaining arguments not claimed by any subparser).","def parse_subparser_arguments(unparsed_arguments, subparsers):
","```python
def parse_subparser_arguments(unparsed_arguments, subparsers):
```

Dada una secuencia de argumentos y un diccionario que mapea el nombre de un subparser a una instancia de `argparse.ArgumentParser`, permite que cada subparser solicitado intente analizar todos los argumentos. Esto permite que argumentos comunes como `--repository` sean compartidos entre múltiples subparsers.

Devuelve el resultado como una tupla que contiene: 
- Un diccionario que mapea el nombre del subparser a un espacio de nombres (`namespace`) de argumentos analizados.
- Una lista de argumentos restantes que no fueron reclamados por ningún subparser.","def parse_subparser_arguments(unparsed_arguments, subparsers):
""""""
Dada una secuencia de argumentos y un diccionario que mapea el nombre de un subparser a una instancia de `argparse.ArgumentParser`, permite que cada subparser solicitado intente analizar todos los argumentos. Esto permite que argumentos comunes como `--repository` sean compartidos entre múltiples subparsers.

Devuelve el resultado como una tupla que contiene: 
- Un diccionario que mapea el nombre del subparser a un espacio de nombres (`namespace`) de argumentos analizados.
- Una lista de argumentos restantes que no fueron reclamados por ningún subparser.
""""""","['RemoveProgrammingLanguageContext', 'RemoveEncodedAccentInText']","def parse_subparser_arguments(unparsed_arguments, subparsers):
    """"""
    Dada una secuencia de argumentos y un diccionario que mapea el nombre de un subparser a una instancia de `argparse.ArgumentParser`, permite que cada subparser solicitado intente analizar todos los argumentos. Esto permite que argumentos comunes como `--repository` sean compartidos entre múltiples subparsers.

    Devuelve el resultado como una tupla que contiene: 
    - Un diccionario que mapea el nombre del subparser a un espacio de nombres (`namespace`) de argumentos analizados.
    - Una lista de argumentos restantes que no fueron reclamados por ningún subparser.
    """"""
    import argparse

    parsed_results = {}
    remaining_arguments = unparsed_arguments[:]
    
    for name, parser in subparsers.items():
        try:
            # Parse the arguments for the current subparser
            parsed_args, remaining_arguments = parser.parse_known_args(remaining_arguments)
            parsed_results[name] = parsed_args
        except SystemExit:
            # Handle the case where parsing fails
            continue

    return parsed_results, remaining_arguments"
62b45665d7d32e5b55cc8363,"Build a parser and its subparsers and return them as a tuple.
def make_parsers():

Build a top-level parser and its subparsers and return them as a tuple.",Build a parser and its subparsers and return them as a tuple.,"def make_parsers():
","Cree un analizador y sus subanalizadores y devuélvalos como una tupla.  
```python
def make_parsers():
```

Cree un analizador de nivel superior y sus subanalizadores, y devuélvalos como una tupla.","def make_parsers():
""""""
Crea un analizador de nivel superior y sus subanalizadores, y devuélvalos como una tupla.
""""""","['RemoveProgrammingLanguageContext', 'RemoveEncodedAccentInText', 'RemoveEncodedAccentInText']","def make_parsers():
    """"""
    Crea un analizador de nivel superior y sus subanalizadores, y devuélvalos como una tupla.
    """"""
    class HighLevelParser:
        def parse(self, data):
            # Implementación del análisis de nivel superior
            return f""HighLevelParser: {data}""

    class SubParserA:
        def parse(self, data):
            # Implementación del subanálisis A
            return f""SubParserA: {data}""

    class SubParserB:
        def parse(self, data):
            # Implementación del subanálisis B
            return f""SubParserB: {data}""

    high_level_parser = HighLevelParser()
    sub_parser_a = SubParserA()
    sub_parser_b = SubParserB()

    return (high_level_parser, sub_parser_a, sub_parser_b)"
62b438ba66fea644fe22cca2,"merge any node values corresponding to duplicate keys and return the result. If there are colliding keys with non-MappingNode values, the last of the values remains.
def deep_merge_nodes(nodes):

Given a nested borgmatic configuration data structure as a list of tuples in the form of:

    (
        ruamel.yaml.nodes.ScalarNode as a key,
        ruamel.yaml.nodes.MappingNode or other Node as a value,
    ),

... deep merge any node values corresponding to duplicate keys and return the result. If
there are colliding keys with non-MappingNode values (e.g., integers or strings), the last
of the values wins.

For instance, given node values of:

    [
        (
            ScalarNode(tag='tag:yaml.org,2002:str', value='retention'),
            MappingNode(tag='tag:yaml.org,2002:map', value=[
                (
                    ScalarNode(tag='tag:yaml.org,2002:str', value='keep_hourly'),
                    ScalarNode(tag='tag:yaml.org,2002:int', value='24')
                ),
                (
                    ScalarNode(tag='tag:yaml.org,2002:str', value='keep_daily'),
                    ScalarNode(tag='tag:yaml.org,2002:int', value='7')
                ),
            ]),
        ),
        (
            ScalarNode(tag='tag:yaml.org,2002:str', value='retention'),
            MappingNode(tag='tag:yaml.org,2002:map', value=[
                (
                    ScalarNode(tag='tag:yaml.org,2002:str', value='keep_daily'),
                    ScalarNode(tag='tag:yaml.org,2002:int', value='5')
                ),
            ]),
        ),
    ]

... the returned result would be:

    [
        (
            ScalarNode(tag='tag:yaml.org,2002:str', value='retention'),
            MappingNode(tag='tag:yaml.org,2002:map', value=[
                (
                    ScalarNode(tag='tag:yaml.org,2002:str', value='keep_hourly'),
                    ScalarNode(tag='tag:yaml.org,2002:int', value='24')
                ),
                (
                    ScalarNode(tag='tag:yaml.org,2002:str', value='keep_daily'),
                    ScalarNode(tag='tag:yaml.org,2002:int', value='5')
                ),
            ]),
        ),
    ]

The purpose of deep merging like this is to support, for instance, merging one borgmatic
configuration file into another for reuse, such that a configuration section (""retention"",
etc.) does not completely replace the corresponding section in a merged file.","merge any node values corresponding to duplicate keys and return the result. If there are colliding keys with non-MappingNode values, the last of the values remains.","def deep_merge_nodes(nodes):
","Fusionar cualquier valor de nodo correspondiente a claves duplicadas y devolver el resultado. Si hay claves en conflicto con valores que no son de tipo `MappingNode`, el último de los valores prevalece.

```python
def deep_merge_nodes(nodes):
```

Dado un conjunto de datos de configuración anidada de borgmatic como una lista de tuplas en la forma de:

```
    (
        ruamel.yaml.nodes.ScalarNode como clave,
        ruamel.yaml.nodes.MappingNode u otro tipo de nodo como valor,
    ),
```

... fusionar profundamente cualquier valor de nodo correspondiente a claves duplicadas y devolver el resultado. Si hay claves en conflicto con valores que no son de tipo `MappingNode` (por ejemplo, enteros o cadenas de texto), el último de los valores prevalece.

Por ejemplo, dados los valores de nodo:

```python
    [
        (
            ScalarNode(tag='tag:yaml.org,2002:str', value='retention'),
            MappingNode(tag='tag:yaml.org,2002:map', value=[
                (
                    ScalarNode(tag='tag:yaml.org,2002:str', value='keep_hourly'),
                    ScalarNode(tag='tag:yaml.org,2002:int', value='24')
                ),
                (
                    ScalarNode(tag='tag:yaml.org,2002:str', value='keep_daily'),
                    ScalarNode(tag='tag:yaml.org,2002:int', value='7')
                ),
            ]),
        ),
        (
            ScalarNode(tag='tag:yaml.org,2002:str', value='retention'),
            MappingNode(tag='tag:yaml.org,2002:map', value=[
                (
                    ScalarNode(tag='tag:yaml.org,2002:str', value='keep_daily'),
                    ScalarNode(tag='tag:yaml.org,2002:int', value='5')
                ),
            ]),
        ),
    ]
```

... el resultado devuelto sería:

```python
    [
        (
            ScalarNode(tag='tag:yaml.org,2002:str', value='retention'),
            MappingNode(tag='tag:yaml.org,2002:map', value=[
                (
                    ScalarNode(tag='tag:yaml.org,2002:str', value='keep_hourly'),
                    ScalarNode(tag='tag:yaml.org,2002:int', value='24')
                ),
                (
                    ScalarNode(tag='tag:yaml.org,2002:str', value='keep_daily'),
                    ScalarNode(tag='tag:yaml.org,2002:int', value='5')
                ),
            ]),
        ),
    ]
```

El propósito de realizar una fusión profunda como esta es permitir, por ejemplo, fusionar un archivo de configuración de borgmatic en otro para su reutilización, de manera que una sección de configuración (""retention"", etc.) no reemplace completamente la sección correspondiente en un archivo fusionado.","def deep_merge_nodes(nodes):
""""""
Dado un conjunto de datos de configuración anidada de borgmatic como una lista de tuplas en la forma de:


    (
        ruamel.yaml.nodes.ScalarNode como clave,
        ruamel.yaml.nodes.MappingNode u otro tipo de nodo como valor,
    ),

... fusionar profundamente cualquier valor de nodo correspondiente a claves duplicadas y devolver el resultado. Si hay claves en conflicto con valores que no son de tipo `MappingNode` (por ejemplo, enteros o cadenas de texto), el último de los valores prevalece.

Por ejemplo, dados los valores de nodo:


    [
        (
            ScalarNode(tag='tag:yaml.org,2002:str', value='retention'),
            MappingNode(tag='tag:yaml.org,2002:map', value=[
                (
                    ScalarNode(tag='tag:yaml.org,2002:str', value='keep_hourly'),
                    ScalarNode(tag='tag:yaml.org,2002:int', value='24')
                ),
                (
                    ScalarNode(tag='tag:yaml.org,2002:str', value='keep_daily'),
                    ScalarNode(tag='tag:yaml.org,2002:int', value='7')
                ),
            ]),
        ),
        (
            ScalarNode(tag='tag:yaml.org,2002:str', value='retention'),
            MappingNode(tag='tag:yaml.org,2002:map', value=[
                (
                    ScalarNode(tag='tag:yaml.org,2002:str', value='keep_daily'),
                    ScalarNode(tag='tag:yaml.org,2002:int', value='5')
                ),
            ]),
        ),
    ]


... el resultado devuelto sería:

    [
        (
            ScalarNode(tag='tag:yaml.org,2002:str', value='retention'),
            MappingNode(tag='tag:yaml.org,2002:map', value=[
                (
                    ScalarNode(tag='tag:yaml.org,2002:str', value='keep_hourly'),
                    ScalarNode(tag='tag:yaml.org,2002:int', value='24')
                ),
                (
                    ScalarNode(tag='tag:yaml.org,2002:str', value='keep_daily'),
                    ScalarNode(tag='tag:yaml.org,2002:int', value='5')
                ),
            ]),
        ),
    ]


El propósito de realizar una fusión profunda como esta es permitir, por ejemplo, fusionar un archivo de configuración de borgmatic en otro para su reutilización, de manera que una sección de configuración (""retention"", etc.) no reemplace completamente la sección correspondiente en un archivo fusionado.
""""""","['RemoveProgrammingLanguageContext', 'RemoveEncodedAccentInText']","def deep_merge_nodes(nodes):
    from ruamel.yaml.nodes import ScalarNode, MappingNode

    merged = {}

    for key_node, value_node in nodes:
        key = key_node.value

        if key not in merged:
            merged[key] = value_node
        else:
            existing_value = merged[key]
            if isinstance(existing_value, MappingNode) and isinstance(value_node, MappingNode):
                # Merge the two MappingNodes
                for sub_key_node, sub_value_node in value_node.value:
                    existing_value.value.append((sub_key_node, sub_value_node))
            else:
                # If there's a conflict with non-MappingNode, take the last one
                merged[key] = value_node

    # Convert merged dictionary back to the required format
    result = []
    for key, value in merged.items():
        result.append((ScalarNode(tag='tag:yaml.org,2002:str', value=key), value))

    return result"
62b438b666fea644fe22cc78,"Given command-line arguments with which this script was invoked, parse the arguments and return  them as an ArgumentParser instance
def parse_arguments(*arguments):

Given command-line arguments with which this script was invoked, parse the arguments and return
them as an ArgumentParser instance.","Given command-line arguments with which this script was invoked, parse the arguments and return  them as an ArgumentParser instance","def parse_arguments(*arguments):
","Dado los argumentos de línea de comandos con los que se invocó este script, analiza los argumentos y devuélvelos como una instancia de ArgumentParser.

```python
def parse_arguments(*arguments):
    """"""
    Dado los argumentos de línea de comandos con los que se invocó este script, analiza los argumentos
    y los devuelve como una instancia de ArgumentParser.
    """"""
```

Si necesitas más ayuda o ejemplos, no dudes en pedírmelo. 😊","def parse_arguments(*arguments):
""""""
Dado los argumentos de línea de comandos con los que se invocó este script, analiza los argumentos y los devuelve como una instancia de 'ArgumentParser'.
""""""","['RemoveProgrammingLanguageContext', 'RemoveEncodedAccentInText', 'AddQuotesForEnglishWordsInText', '']","import argparse

def parse_arguments(*arguments):
    """"""
    Dado los argumentos de línea de comandos con los que se invocó este script, analiza los argumentos y los devuelve como una instancia de 'ArgumentParser'.
    """"""
    parser = argparse.ArgumentParser()
    
    # Aquí puedes agregar los argumentos que deseas analizar
    # Ejemplo:
    parser.add_argument('--example', type=str, help='Un ejemplo de argumento')
    
    # Analiza los argumentos
    parsed_args = parser.parse_args(arguments)
    
    return parsed_args"
62b438b666fea644fe22cc72,"def parser_flags(parser):

Given an argparse.ArgumentParser instance, return its argument flags in a space-separated
string.","Given an argparse.ArgumentParser instance, return its argument flags in a space-separated
string.","def parser_flags(parser):
","```python
def parser_flags(parser):
    """"""
    Dada una instancia de argparse.ArgumentParser, devuelve sus banderas de argumentos
    en una cadena separada por espacios.
    """"""
```","def parser_flags(parser):
""""""
Dada una instancia de 'argparse.ArgumentParser', devuelve sus banderas de argumentos en una cadena separada por espacios.
""""""","['RemoveProgrammingLanguageContext', 'AddQuotesForEnglishWordsInText']","def parser_flags(parser):
    """"""
    Dada una instancia de 'argparse.ArgumentParser', devuelve sus banderas de argumentos en una cadena separada por espacios.
    """"""
    return ' '.join([action.dest for action in parser._actions if action.option_strings])"
62b438b566fea644fe22cc70,"Produce the borgmatic command by introspecting borgmatic's command-line argument parsers.
def bash_completion():

Return a bash completion script for the borgmatic command. Produce this by introspecting
borgmatic's command-line argument parsers.",Produce the borgmatic command by introspecting borgmatic's command-line argument parsers.,"def bash_completion():
","Generar el comando de borgmatic mediante la introspección de los analizadores de argumentos de línea de comandos de borgmatic.
```python
def bash_completion():
```

Devuelve un script de autocompletado para bash para el comando de borgmatic. Esto se genera mediante la introspección de los analizadores de argumentos de línea de comandos de borgmatic.","def bash_completion():
""""""
Devuelve un script de autocompletado para bash para el comando de borgmatic. Esto se genera mediante la introspección de los analizadores de argumentos de línea de comandos de borgmatic.
""""""","['RemoveProgrammingLanguageContext', 'RemoveEncodedAccentInText']","def bash_completion():
    """"""
    Devuelve un script de autocompletado para bash para el comando de borgmatic. Esto se genera mediante la introspección de los analizadores de argumentos de línea de comandos de borgmatic.
    """"""
    import subprocess

    # Generar el script de autocompletado utilizando borgmatic
    try:
        completion_script = subprocess.check_output(['borgmatic', 'completion', 'bash'], text=True)
        return completion_script
    except subprocess.CalledProcessError as e:
        return f""Error al generar el script de autocompletado: {e}"""
62b438a266fea644fe22cc2e,"def parse_arguments(*unparsed_arguments):

Given command-line arguments with which this script was invoked, parse the arguments and return
them as a dict mapping from subparser name (or ""global"") to an argparse.Namespace instance.","Given command-line arguments with which this script was invoked, parse the arguments and return
them as a dict mapping from subparser name (or ""global"") to an argparse.Namespace instance.","def parse_arguments(*unparsed_arguments):
","```python
def parse_arguments(*unparsed_arguments):
```

Dado los argumentos de línea de comandos con los que se invocó este script, analiza los argumentos y devuélvelos como un diccionario que mapea desde el nombre del subparser (o ""global"") a una instancia de `argparse.Namespace`.","def parse_arguments(*unparsed_arguments):
""""""
Dado los argumentos de línea de comandos con los que se invocó este script, analiza los argumentos y devuélvelos como un diccionario que mapea desde el nombre del subparser (o ""global"") a una instancia de `argparse.Namespace`.
""""""","['RemoveProgrammingLanguageContext', 'RemoveEncodedAccentInText']","import argparse

def parse_arguments(*unparsed_arguments):
    """"""
    Dado los argumentos de línea de comandos con los que se invocó este script, analiza los argumentos y devuélvelos como un diccionario que mapea desde el nombre del subparser (o ""global"") a una instancia de `argparse.Namespace`.
    """"""
    parser = argparse.ArgumentParser()
    subparsers = parser.add_subparsers(dest='subparser_name')

    # Aquí se pueden agregar subcomandos y sus argumentos
    # Ejemplo de un subcomando
    subparser_a = subparsers.add_parser('comando_a')
    subparser_a.add_argument('--opcion_a', type=int, help='Opción para comando_a')

    subparser_b = subparsers.add_parser('comando_b')
    subparser_b.add_argument('--opcion_b', type=str, help='Opción para comando_b')

    # Analizar los argumentos
    args = parser.parse_args(unparsed_arguments)

    # Devolver un diccionario que mapea el nombre del subparser a la instancia de Namespace
    return {args.subparser_name: args}"
62b438a266fea644fe22cc2d,"def parse_subparser_arguments(unparsed_arguments, subparsers):

Given a sequence of arguments and a dict from subparser name to argparse.ArgumentParser
instance, give each requested action's subparser a shot at parsing all arguments. This allows
common arguments like ""--repository"" to be shared across multiple subparsers.

Return the result as a tuple of (a dict mapping from subparser name to a parsed namespace of
arguments, a list of remaining arguments not claimed by any subparser).","Given a sequence of arguments and a dict from subparser name to argparse.ArgumentParser
instance, give each requested action's subparser a shot at parsing all arguments. This allows
common arguments like ""--repository"" to be shared across multiple subparsers.

Return the result as a tuple of (a dict mapping from subparser name to a parsed namespace of
arguments, a list of remaining arguments not claimed by any subparser).","def parse_subparser_arguments(unparsed_arguments, subparsers):
","```python
def parse_subparser_arguments(unparsed_arguments, subparsers):
```

Dada una secuencia de argumentos y un diccionario que mapea el nombre de un subparser a una instancia de `argparse.ArgumentParser`, permite que cada subparser solicitado intente analizar todos los argumentos. Esto permite que argumentos comunes como ""--repository"" sean compartidos entre múltiples subparsers.

Devuelve el resultado como una tupla que contiene: (un diccionario que mapea el nombre del subparser a un espacio de nombres (`namespace`) de argumentos analizados, una lista de argumentos restantes que no fueron reclamados por ningún subparser).","def parse_subparser_arguments(unparsed_arguments, subparsers):
""""""
Dada una secuencia de argumentos y un diccionario que mapea el nombre de un subparser a una instancia de `argparse.ArgumentParser`, permite que cada subparser solicitado intente analizar todos los argumentos. Esto permite que argumentos comunes como ""--repository"" sean compartidos entre múltiples subparsers.

Devuelve el resultado como una tupla que contiene: (un diccionario que mapea el nombre del subparser a un espacio de nombres (`namespace`) de argumentos analizados, una lista de argumentos restantes que no fueron reclamados por ningún subparser).
""""""","['RemoveProgrammingLanguageContext', 'RemoveEncodedAccentInText']","def parse_subparser_arguments(unparsed_arguments, subparsers):
    """"""
    Dada una secuencia de argumentos y un diccionario que mapea el nombre de un subparser a una instancia de `argparse.ArgumentParser`, permite que cada subparser solicitado intente analizar todos los argumentos. Esto permite que argumentos comunes como ""--repository"" sean compartidos entre múltiples subparsers.

    Devuelve el resultado como una tupla que contiene: (un diccionario que mapea el nombre del subparser a un espacio de nombres (`namespace`) de argumentos analizados, una lista de argumentos restantes que no fueron reclamados por ningún subparser).
    """"""
    import argparse

    parsed_results = {}
    remaining_arguments = unparsed_arguments[:]
    
    for name, parser in subparsers.items():
        try:
            # Parse the arguments for the current subparser
            parsed_args, remaining_arguments = parser.parse_known_args(remaining_arguments)
            parsed_results[name] = parsed_args
        except SystemExit:
            # Handle the case where parsing fails
            continue

    return parsed_results, remaining_arguments"
62b438a266fea644fe22cc2c,"def make_parsers():

Build a top-level parser and its subparsers and return them as a tuple.",Build a top-level parser and its subparsers and return them as a tuple.,"def make_parsers():
","def make_parsers():

Crear un analizador de nivel superior y sus subanalizadores, y devolverlos como una tupla.","def make_parsers():
""""""
Crear un analizador de nivel superior y sus subanalizadores, y devolverlos como una tupla.
""""""",[''],"def make_parsers():
    """"""
    Crear un analizador de nivel superior y sus subanalizadores, y devolverlos como una tupla.
    """"""
    import argparse

    # Analizador de nivel superior
    main_parser = argparse.ArgumentParser(description='Analizador principal')
    
    # Subanalizador 1
    subparser1 = main_parser.add_subparsers(dest='command1')
    parser1 = subparser1.add_parser('subcommand1', help='Ayuda para subcomando 1')
    
    # Subanalizador 2
    subparser2 = main_parser.add_subparsers(dest='command2')
    parser2 = subparser2.add_parser('subcommand2', help='Ayuda para subcomando 2')

    return main_parser, parser1, parser2"
62ece4982e6aefcf4aabbd5f,"Return every response with the length of max_results
    Args:
    response (list): WAPI response.
    max_results (int): Maximum number of objects to be returned in one page.
    Returns:
        Generator object with WAPI response split page by page.
def paging(response, max_results):

Returns WAPI response page by page

Args:
    response (list): WAPI response.
    max_results (int): Maximum number of objects to be returned in one page.
Returns:
    Generator object with WAPI response split page by page.","Return every response with the length of max_results
    Args:
    response (list): WAPI response.
    max_results (int): Maximum number of objects to be returned in one page.
    Returns:
        Generator object with WAPI response split page by page.","def paging(response, max_results):
","Devuelve cada respuesta con la longitud de `max_results`

### Argumentos:
- **response** (list): Respuesta de WAPI.
- **max_results** (int): Número máximo de objetos que se devolverán en una página.

### Retorna:
- Objeto generador con la respuesta de WAPI dividida página por página.

```python
def paging(response, max_results):
    """"""
    Devuelve la respuesta de WAPI página por página.

    Argumentos:
        response (list): Respuesta de WAPI.
        max_results (int): Número máximo de objetos que se devolverán en una página.

    Retorna:
        Objeto generador con la respuesta de WAPI dividida página por página.
    """"""
```","def paging(response, max_results):
"""""" 
   Devuelve la respuesta de WAPI página por página.

    Argumentos:
        response (list): Respuesta de WAPI.
        max_results (int): Número máximo de objetos que se devolverán en una página.

    Retorna:
        Objeto generador con la respuesta de WAPI dividida página por página.
""""""","['RemoveProgrammingLanguageContext', 'RemoveExtraSpecialCharacters', 'RemoveEncodedAccentInText']","def paging(response, max_results):
    """""" 
    Devuelve la respuesta de WAPI página por página.

    Argumentos:
        response (list): Respuesta de WAPI.
        max_results (int): Número máximo de objetos que se devolverán en una página.

    Retorna:
        Objeto generador con la respuesta de WAPI dividida página por página.
    """"""
    for i in range(0, len(response), max_results):
        yield response[i:i + max_results]"
62ece4982e6aefcf4aabbd60,"Convert human readable file size to bytes

    Args:
            size: str, a string representing a human readable file size (eg: '500K')
    Returns:
            int: file size in bytes
def size_to_bytes(size: str) -> int:

Convert human readable file size to bytes.

Resulting value is an approximation as input value is in most case rounded.

Args:
    size: A string representing a human readable file size (eg: '500K')

Returns:
    A decimal representation of file size

    Examples::

        >>> size_to_bytes(""500"")
        500
        >>> size_to_bytes(""1K"")
        1000","Convert human readable file size to bytes

    Args:
            size: str, a string representing a human readable file size (eg: '500K')
    Returns:
            int: file size in bytes","def size_to_bytes(size: str) -> int:
","Convertir tamaño de archivo legible por humanos a bytes

    Args:
            size: str, una cadena que representa un tamaño de archivo legible por humanos (por ejemplo: '500K')
    Returns:
            int: tamaño del archivo en bytes
def size_to_bytes(size: str) -> int:

Convertir tamaño de archivo legible por humanos a bytes.

El valor resultante es una aproximación, ya que el valor de entrada en la mayoría de los casos está redondeado.

Args:
    size: Una cadena que representa un tamaño de archivo legible por humanos (por ejemplo: '500K')

Returns:
    Una representación decimal del tamaño del archivo

    Ejemplos::

        >>> size_to_bytes(""500"")
        500
        >>> size_to_bytes(""1K"")
        1000","def size_to_bytes(size: str) -> int:
""""""
Convertir tamaño de archivo legible por humanos a bytes.

El valor resultante es una aproximación, ya que el valor de entrada en la mayoría de los casos está redondeado.

Args:
    size: Una cadena que representa un tamaño de archivo legible por humanos (por ejemplo: '500K')

Returns:
    Una representación decimal del tamaño del archivo

    Ejemplos::

        >>> size_to_bytes(""500"")
        500
        >>> size_to_bytes(""1K"")
        1000
""""""",['RemoveEncodedAccentInText'],"def size_to_bytes(size: str) -> int:
    """"""
    Convertir tamaño de archivo legible por humanos a bytes.

    El valor resultante es una aproximación, ya que el valor de entrada en la mayoría de los casos está redondeado.

    Args:
        size: Una cadena que representa un tamaño de archivo legible por humanos (por ejemplo: '500K')

    Returns:
        Una representación decimal del tamaño del archivo

        Ejemplos::

            >>> size_to_bytes(""500"")
            500
            >>> size_to_bytes(""1K"")
            1000
    """"""
    size = size.strip().upper()
    multipliers = {
        'B': 1,
        'K': 1000,
        'M': 1000000,
        'G': 1000000000,
        'T': 1000000000000,
    }
    
    if size[-1] in multipliers:
        number = float(size[:-1])
        unit = size[-1]
    else:
        number = float(size)
        unit = 'B'
    
    return int(number * multipliers[unit])"
62ece4982e6aefcf4aabbd61,"Sum values with the same key in the dictionaries. And return a new dictionary.
    Example:
        given two dictionaries: dict1: {'a': 1, 'b': 2}, dict2: {'a': 5, 'b': 0}
        return a dictionary: dic:{'a': 6, 'b': 2}
    Returns: dict
def _dictsum(dicts):

Combine values of the dictionaries supplied by iterable dicts.

>>> _dictsum([{'a': 1, 'b': 2}, {'a': 5, 'b': 0}])
{'a': 6, 'b': 2}","Sum values with the same key in the dictionaries. And return a new dictionary.
    Example:
        given two dictionaries: dict1: {'a': 1, 'b': 2}, dict2: {'a': 5, 'b': 0}
        return a dictionary: dic:{'a': 6, 'b': 2}
    Returns: dict","def _dictsum(dicts):
","Suma los valores con la misma clave en los diccionarios y devuelve un nuevo diccionario.  
    Ejemplo:  
        dados dos diccionarios: dict1: {'a': 1, 'b': 2}, dict2: {'a': 5, 'b': 0}  
        devuelve un diccionario: dic: {'a': 6, 'b': 2}  
    Devuelve: dict  

```python
def _dictsum(dicts):
    """"""
    Combina los valores de los diccionarios proporcionados por el iterable `dicts`.

    >>> _dictsum([{'a': 1, 'b': 2}, {'a': 5, 'b': 0}])
    {'a': 6, 'b': 2}
    """"""
```","def _dictsum(dicts):
""""""
    Combina los valores de los diccionarios proporcionados por el iterable `dicts`.

    >>> _dictsum([{'a': 1, 'b': 2}, {'a': 5, 'b': 0}])
    {'a': 6, 'b': 2}
""""""",['RemoveProgrammingLanguageContext'],"def _dictsum(dicts):
    """"""
    Combina los valores de los diccionarios proporcionados por el iterable `dicts`.

    >>> _dictsum([{'a': 1, 'b': 2}, {'a': 5, 'b': 0}])
    {'a': 6, 'b': 2}
    """"""
    from collections import defaultdict

    result = defaultdict(int)
    for d in dicts:
        for key, value in d.items():
            result[key] += value
            
    return dict(result)"
62ece4982e6aefcf4aabbd62,"Replace the value in url with the value in url_args
    If url_args has a value, iterate over the keys and values from url_args.
    Then replace the keys of the first parameter with values.
    Returns: the modified url.
def _replace_url_args(url, url_args):

Replace any custom string URL items with values in args","Replace the value in url with the value in url_args
    If url_args has a value, iterate over the keys and values from url_args.
    Then replace the keys of the first parameter with values.
    Returns: the modified url.","def _replace_url_args(url, url_args):
","Reemplace el valor en `url` con el valor en `url_args`.  
    Si `url_args` tiene un valor, itere sobre las claves y valores de `url_args`.  
    Luego, reemplace las claves del primer parámetro con los valores.  
    Retorna: la URL modificada.  

```python
def _replace_url_args(url, url_args):
```

Reemplace cualquier elemento personalizado de la URL con los valores en `args`.","def _replace_url_args(url, url_args):
""""""
Reemplace cualquier elemento personalizado de la URL con los valores en `args`.
""""""","['RemoveProgrammingLanguageContext', 'RemoveEncodedAccentInText']","def _replace_url_args(url, url_args):
    """"""
    Reemplace cualquier elemento personalizado de la URL con los valores en `args`.
    """"""
    for key, value in url_args.items():
        url = url.replace(f'{{{key}}}', str(value))
    return url"
62ece4982e6aefcf4aabbd63,"Check if a string represents a None value.
    Returns:
        Return True if the type of val is string and the lowercase of val is equal to 'none', otherwise return False
def is_none_string(val: any) -> bool:

Check if a string represents a None value.","Check if a string represents a None value.
    Returns:
        Return True if the type of val is string and the lowercase of val is equal to 'none', otherwise return False","def is_none_string(val: any) -> bool:
","Verificar si una cadena representa un valor None.  
Devuelve:  
    Devuelve True si el tipo de `val` es una cadena y la versión en minúsculas de `val` es igual a 'none', de lo contrario devuelve False.  

```python
def is_none_string(val: any) -> bool:
    """"""
    Verifica si una cadena representa un valor None.
    """"""
    return isinstance(val, str) and val.lower() == 'none'
```","def is_none_string(val: any) -> bool:
"""""" 
Verifica si una cadena representa un valor 'None'.
""""""","['RemoveProgrammingLanguageContext', 'AddQuotesForEnglishWordsInText', 'RemoveExtraTextAddedWithinTranslation']","def is_none_string(val: any) -> bool:
    """""" 
    Verifica si una cadena representa un valor 'None'.
    """"""
    return val == 'None'"
62ece4982e6aefcf4aabbd65,"Given an argparse.ArgumentParser instance, return its argument flags in a space-separated string.
    Args:
        script: argparse.ArgumentParser instance

    Returns:
        argument flags in a space-separated string
def parser_flags(parser):

Given an argparse.ArgumentParser instance, return its argument flags in a space-separated
string.","Given an argparse.ArgumentParser instance, return its argument flags in a space-separated string.
    Args:
        script: argparse.ArgumentParser instance

    Returns:
        argument flags in a space-separated string","def parser_flags(parser):
","Dado una instancia de `argparse.ArgumentParser`, devuelve sus banderas de argumentos en una cadena separada por espacios.

```python
def parser_flags(parser):
    """"""
    Dado una instancia de argparse.ArgumentParser, devuelve sus banderas de argumentos en una cadena separada por espacios.

    Args:
        parser: instancia de argparse.ArgumentParser

    Returns:
        Banderas de argumentos en una cadena separada por espacios.
    """"""
    return "" "".join([action.option_strings[0] for action in parser._actions if action.option_strings])
```

**Explicación:**
- `parser._actions` contiene todas las acciones definidas en el `ArgumentParser`.
- `action.option_strings` contiene las banderas asociadas a cada acción.
- El código filtra las acciones que tienen banderas (`option_strings`) y toma la primera bandera de cada acción.
- Finalmente, las banderas se unen en una cadena separada por espacios y se devuelven.","def parser_flags(parser):
""""""
Dado una instancia de 'argparse.ArgumentParser', devuelve sus banderas de argumentos en una cadena separada por espacios.
""""""

","['RemoveProgrammingLanguageContext', 'RemoveExtraTextAddedWithinTranslation', 'AddQuotesForEnglishWordsInText', 'FixTranslation']","def parser_flags(parser):
    """"""
    Dado una instancia de 'argparse.ArgumentParser', devuelve sus banderas de argumentos en una cadena separada por espacios.
    """"""
    return ' '.join([action.option_strings[0] for action in parser._actions if action.option_strings])"
62ece4982e6aefcf4aabbd66,"Check if a file or directory has already been processed.

    To prevent recursion, expand the path name to an absolution path
    call this function with a set that will store all the entries and
    the entry to test. If the entry is already in the set, report the issue
    and return ``True``. Otherwise, add the entry to the set and return
    ``False`` to allow the path to be processed.

    Args:
        processed: Set to store processed pathnames
        path_name: Path to a directory or file
        verbose: True if verbose output is requested

    Returns:
        True if it's already in the set. False if not.
def was_processed(processed, path_name, verbose):

Check if a file or directory has already been processed.

To prevent recursion, expand the path name to an absolution path
call this function with a set that will store all the entries and
the entry to test. If the entry is already in the set, report the issue
and return ``True``. Otherwise, add the entry to the set and return
``False`` to allow the path to be processed.

Args:
    processed: Set to store processed pathnames
    path_name: Path to a directory or file
    verbose: True if verbose output is requested

Returns:
    True if it's already in the set. False if not.","Check if a file or directory has already been processed.

    To prevent recursion, expand the path name to an absolution path
    call this function with a set that will store all the entries and
    the entry to test. If the entry is already in the set, report the issue
    and return ``True``. Otherwise, add the entry to the set and return
    ``False`` to allow the path to be processed.

    Args:
        processed: Set to store processed pathnames
        path_name: Path to a directory or file
        verbose: True if verbose output is requested

    Returns:
        True if it's already in the set. False if not.","def was_processed(processed, path_name, verbose):
","Verificar si un archivo o directorio ya ha sido procesado.

Para evitar la recursión, expanda el nombre de la ruta a una ruta absoluta y llame a esta función con un conjunto que almacenará todas las entradas y la entrada a verificar. Si la entrada ya está en el conjunto, informe del problema y devuelva ``True``. De lo contrario, agregue la entrada al conjunto y devuelva ``False`` para permitir que la ruta sea procesada.

Parámetros:
- `processed`: Conjunto para almacenar los nombres de ruta procesados.
- `path_name`: Ruta a un directorio o archivo.
- `verbose`: `True` si se solicita salida detallada.

Devuelve:
- `True` si ya está en el conjunto.
- `False` si no lo está.

```python
def was_processed(processed, path_name, verbose):
    """"""
    Verificar si un archivo o directorio ya ha sido procesado.

    Para evitar la recursión, expanda el nombre de la ruta a una ruta absoluta
    y llame a esta función con un conjunto que almacenará todas las entradas
    y la entrada a verificar. Si la entrada ya está en el conjunto, informe
    del problema y devuelva ``True``. De lo contrario, agregue la entrada al
    conjunto y devuelva ``False`` para permitir que la ruta sea procesada.

    Parámetros:
        processed: Conjunto para almacenar los nombres de ruta procesados.
        path_name: Ruta a un directorio o archivo.
        verbose: `True` si se solicita salida detallada.

    Devuelve:
        `True` si ya está en el conjunto.
        `False` si no lo está.
    """"""
    pass
```","def was_processed(processed, path_name, verbose):
""""""
    Verificar si un archivo o directorio ya ha sido procesado.

    Para evitar la recursión, expanda el nombre de la ruta a una ruta absoluta
    y llame a esta función con un conjunto que almacenará todas las entradas
    y la entrada a verificar. Si la entrada ya está en el conjunto, informe
    del problema y devuelva ``True``. De lo contrario, agregue la entrada al
    conjunto y devuelva ``False`` para permitir que la ruta sea procesada.

    Parámetros:
        processed: Conjunto para almacenar los nombres de ruta procesados.
        path_name: Ruta a un directorio o archivo.
        verbose: `True` si se solicita salida detallada.

    Devuelve:
        `True` si ya está en el conjunto.
        `False` si no lo está.
""""""","['RemoveProgrammingLanguageContext', 'RemoveEncodedAccentInText', 'RemoveExtraTextAddedWithinTranslation']","def was_processed(processed, path_name, verbose):
    """"""
    Verificar si un archivo o directorio ya ha sido procesado.

    Para evitar la recursión, expanda el nombre de la ruta a una ruta absoluta
    y llame a esta función con un conjunto que almacenará todas las entradas
    y la entrada a verificar. Si la entrada ya está en el conjunto, informe
    del problema y devuelva ``True``. De lo contrario, agregue la entrada al
    conjunto y devuelva ``False`` para permitir que la ruta sea procesada.

    Parámetros:
        processed: Conjunto para almacenar los nombres de ruta procesados.
        path_name: Ruta a un directorio o archivo.
        verbose: `True` si se solicita salida detallada.

    Devuelve:
        `True` si ya está en el conjunto.
        `False` si no lo está.
    """"""
    import os

    absolute_path = os.path.abspath(path_name)

    if absolute_path in processed:
        if verbose:
            print(f""Advertencia: {absolute_path} ya ha sido procesado."")
        return True
    else:
        processed.add(absolute_path)
        return False"
62ece4982e6aefcf4aabbd67,"Get 3 points for each vertex of the polygon.
    This will include the vertex and the 2 points on both sides of the vertex
    If the subscript is out of bounds, take the value of index as 0
    Args:
        vertices: vertices to be converted

    Returns:
        A list where the elements of vertices represented by tuple
def vertex3tuple(vertices):

return 3 points for each vertex of the polygon. This will include the vertex and the 2 points on both sides of the vertex::

polygon with vertices ABCD
Will return
DAB, ABC, BCD, CDA -> returns 3tuples
#A    B    C    D  -> of vertices","Get 3 points for each vertex of the polygon.
    This will include the vertex and the 2 points on both sides of the vertex
    If the subscript is out of bounds, take the value of index as 0
    Args:
        vertices: vertices to be converted

    Returns:
        A list where the elements of vertices represented by tuple","def vertex3tuple(vertices):
","Obtén 3 puntos para cada vértice del polígono.  
Esto incluirá el vértice y los 2 puntos a ambos lados del vértice.  
Si el subíndice está fuera de los límites, toma el valor del índice como 0.  

### Argumentos:
- **vertices**: vértices que serán convertidos.

### Retorna:
Una lista donde los elementos de los vértices están representados por tuplas.

```python
def vertex3tuple(vertices):
    # Implementación de la función aquí
```

Devuelve 3 puntos para cada vértice del polígono. Esto incluirá el vértice y los 2 puntos a ambos lados del vértice::

Por ejemplo, para un polígono con vértices ABCD:  
Retornará:  
DAB, ABC, BCD, CDA -> devuelve tuplas de 3 elementos  
#A    B    C    D  -> de los vértices","def vertex3tuple(vertices):
"""""" 
Devuelve 3 puntos para cada vértice del polígono. Esto incluirá el vértice y los 2 puntos a ambos lados del vértice::

un polígono con vértices ABCD:  
Retornará:  
DAB, ABC, BCD, CDA -> devuelve tuplas de 3 elementos  
#A    B    C    D  -> de los vértices
""""""","['RemoveProgrammingLanguageContext', 'RemoveEncodedAccentInText', 'RemoveExtraSpecialCharacters', 'RemoveExtraTextAddedWithinTranslation']","def vertex3tuple(vertices):
    """""" 
    Devuelve 3 puntos para cada vértice del polígono. Esto incluirá el vértice y los 2 puntos a ambos lados del vértice::

    un polígono con vértices ABCD:  
    Retornará:  
    DAB, ABC, BCD, CDA -> devuelve tuplas de 3 elementos  
    #A    B    C    D  -> de los vértices
    """"""
    n = len(vertices)
    result = []
    for i in range(n):
        left = vertices[i - 1]  # punto a la izquierda
        center = vertices[i]     # vértice actual
        right = vertices[(i + 1) % n]  # punto a la derecha
        result.append((left, center, right))
    return result"
62ece4982e6aefcf4aabbd68,"Convert a number to a string, using the given alphabet.
    The number represents a short uuid.
    The output has the most significant digit first.
    @param number: Int value
    @param alphabet : List with letters
    @param padding : Optional with int value
    @return  string value corresponded to int
def int_to_string(number: int, alphabet: List[str], padding: Optional[int] = None) -> str:

Convert a number to a string, using the given alphabet.

The output has the most significant digit first.","Convert a number to a string, using the given alphabet.
    The number represents a short uuid.
    The output has the most significant digit first.
    @param number: Int value
    @param alphabet : List with letters
    @param padding : Optional with int value
    @return  string value corresponded to int","def int_to_string(number: int, alphabet: List[str], padding: Optional[int] = None) -> str:
","Convertir un número a una cadena, utilizando el alfabeto proporcionado.  
El número representa un UUID corto.  
La salida tiene el dígito más significativo primero.  

```python
@param number: Valor entero (int)  
@param alphabet: Lista con letras (List[str])  
@param padding: Opcional, valor entero (int)  
@return: Valor en cadena (string) correspondiente al entero  
def int_to_string(number: int, alphabet: List[str], padding: Optional[int] = None) -> str:
```

Convierte un número a una cadena, utilizando el alfabeto proporcionado.  

La salida tiene el dígito más significativo primero.","def int_to_string(number: int, alphabet: List[str], padding: Optional[int] = None) -> str:
""""""
Convierte un número a una cadena, utilizando el alfabeto proporcionado.  

La salida tiene el dígito más significativo primero.
""""""","['RemoveProgrammingLanguageContext', 'RemoveEncodedAccentInText', 'RemoveExtraTextAddedWithinTranslation']","from typing import List, Optional

def int_to_string(number: int, alphabet: List[str], padding: Optional[int] = None) -> str:
    if number < 0:
        raise ValueError(""Number must be non-negative"")
    
    base = len(alphabet)
    if base < 2:
        raise ValueError(""Alphabet must have at least two characters"")
    
    if number == 0:
        result = alphabet[0]
    else:
        result = """"
        while number > 0:
            result = alphabet[number % base] + result
            number //= base
    
    if padding is not None:
        result = result.rjust(padding, alphabet[0])
    
    return result"
62ece4982e6aefcf4aabbd69,"Replace the value of flow_params[register_number] with flow_params[register_value] and delete flow_params[register_value]
def _replace_register(flow_params, register_number, register_value):

Replace value from flows to given register number

'register_value' key in dictionary will be replaced by register number
given by 'register_number'

:param flow_params: Dictionary containing defined flows
:param register_number: The number of register where value will be stored
:param register_value: Key to be replaced by register number",Replace the value of flow_params[register_number] with flow_params[register_value] and delete flow_params[register_value],"def _replace_register(flow_params, register_number, register_value):
","Reemplazar el valor de flow_params[register_number] con flow_params[register_value] y eliminar flow_params[register_value]  
def _replace_register(flow_params, register_number, register_value):

Reemplazar el valor de los flujos al número de registro dado

La clave 'register_value' en el diccionario será reemplazada por el número de registro proporcionado por 'register_number'

:param flow_params: Diccionario que contiene los flujos definidos  
:param register_number: El número del registro donde se almacenará el valor  
:param register_value: Clave que será reemplazada por el número de registro  ","def _replace_register(flow_params, register_number, register_value):
""""""
Reemplazar el valor de los flujos al número de registro dado

La clave 'register_value' en el diccionario será reemplazada por el número de registro proporcionado por 'register_number'

:param flow_params: Diccionario que contiene los flujos definidos  
:param register_number: El número del registro donde se almacenará el valor  
:param register_value: Clave que será reemplazada por el número de registro  
""""""","['AddQuotesForEnglishWordsInText', 'RemoveEncodedAccentInText']","def _replace_register(flow_params, register_number, register_value):
    """"""
    Reemplazar el valor de los flujos al número de registro dado

    La clave 'register_value' en el diccionario será reemplazada por el número de registro proporcionado por 'register_number'

    :param flow_params: Diccionario que contiene los flujos definidos  
    :param register_number: El número del registro donde se almacenará el valor  
    :param register_value: Clave que será reemplazada por el número de registro  
    """"""
    if register_value in flow_params:
        flow_params[register_value] = register_number
    return flow_params"
62ece4982e6aefcf4aabbd6a,"Replaces all values of '.' to arg from the given string
    Args:
        value: old string
        arg: new string to replace '.'
    Returns:
        str, the replaced string
def replace_dots(value, arg):

Replaces all values of '.' to arg from the given string","Replaces all values of '.' to arg from the given string
    Args:
        value: old string
        arg: new string to replace '.'
    Returns:
        str, the replaced string","def replace_dots(value, arg):
","Reemplaza todos los valores de '.' por el argumento proporcionado en la cadena dada.  
    Argumentos:  
        value: cadena original  
        arg: nueva cadena para reemplazar '.'  
    Retorna:  
        str, la cadena con los valores reemplazados  
def replace_dots(value, arg):  

Reemplaza todos los valores de '.' por el argumento proporcionado en la cadena dada.  ","def replace_dots(value, arg):  
""""""
Reemplaza todos los valores de '.' por el argumento proporcionado en la cadena dada.  
""""""",[''],"def replace_dots(value, arg):  
    """"""
    Reemplaza todos los valores de '.' por el argumento proporcionado en la cadena dada.  
    """"""
    return value.replace('.', arg)"
62ece4982e6aefcf4aabbd6b,"def subclasses(cls):

Return all subclasses of a class, recursively","Return all subclasses of a class, recursively","def subclasses(cls):
","```python
def subclasses(cls):
    """"""
    Devuelve todas las subclases de una clase, de forma recursiva.
    """"""
```","def subclasses(cls):
""""""
    Devuelve todas las subclases de una clase, de forma recursiva.
""""""",['RemoveProgrammingLanguageContext'],"def subclasses(cls):
    """"""
    Devuelve todas las subclases de una clase, de forma recursiva.
    """"""
    subcls = cls.__subclasses__()
    for subclass in subcls:
        subcls.extend(subclasses(subclass))
    return subcls"
62ece4982e6aefcf4aabbd6d,"Convert a string to a number, using the given alphabet.
    :param string: a string consist of the letters in alphabet
    :param alphabet: list of letters
    :return: int, the corresponding number of the given string using the given transition rule.
def string_to_int(string: str, alphabet: List[str]) -> int:

Convert a string to a number, using the given alphabet.

The input is assumed to have the most significant digit first.","Convert a string to a number, using the given alphabet.
    :param string: a string consist of the letters in alphabet
    :param alphabet: list of letters
    :return: int, the corresponding number of the given string using the given transition rule.","def string_to_int(string: str, alphabet: List[str]) -> int:
","Convertir una cadena a un número, utilizando el alfabeto dado.  
:param string: una cadena que consiste en las letras del alfabeto  
:param alphabet: lista de letras  
:return: int, el número correspondiente de la cadena dada utilizando la regla de transición proporcionada.  

```python
def string_to_int(string: str, alphabet: List[str]) -> int:
```

Convertir una cadena a un número, utilizando el alfabeto dado.  

Se asume que la entrada tiene el dígito más significativo primero.","def string_to_int(string: str, alphabet: List[str]) -> int:
""""""
Convertir una cadena a un número, utilizando el alfabeto dado.  

Se asume que la entrada tiene el dígito más significativo primero.
""""""","['RemoveProgrammingLanguageContext', 'RemoveEncodedAccentInText']","from typing import List

def string_to_int(string: str, alphabet: List[str]) -> int:
    base = len(alphabet)
    value = 0
    for char in string:
        value = value * base + alphabet.index(char)
    return value"
62ece4982e6aefcf4aabbd6f,"Given an url and a destination path, retrieve and extract .tar.gz archive which contains 'desc' file for each package

        Args:
            url: url of the .tar.gz archive to download
            destination_path: the path on disk where to extract archive
        Returns:
                path where the archive is extracted to
def get_repo_archive(url: str, destination_path: Path) -> Path:

Given an url and a destination path, retrieve and extract .tar.gz archive
which contains 'desc' file for each package.
Each .tar.gz archive corresponds to an Arch Linux repo ('core', 'extra', 'community').

Args:
    url: url of the .tar.gz archive to download
    destination_path: the path on disk where to extract archive

Returns:
    a directory Path where the archive has been extracted to.","Given an url and a destination path, retrieve and extract .tar.gz archive which contains 'desc' file for each package

        Args:
            url: url of the .tar.gz archive to download
            destination_path: the path on disk where to extract archive
        Returns:
                path where the archive is extracted to","def get_repo_archive(url: str, destination_path: Path) -> Path:
","Dado un URL y una ruta de destino, recuperar y extraer un archivo .tar.gz que contiene el archivo 'desc' para cada paquete.

```python
Args:
    url: URL del archivo .tar.gz a descargar.
    destination_path: la ruta en el disco donde se extraerá el archivo.

Returns:
    la ruta donde se ha extraído el archivo.
def get_repo_archive(url: str, destination_path: Path) -> Path:
```

Dado un URL y una ruta de destino, recuperar y extraer un archivo .tar.gz que contiene el archivo 'desc' para cada paquete.  
Cada archivo .tar.gz corresponde a un repositorio de Arch Linux ('core', 'extra', 'community').

```python
Args:
    url: URL del archivo .tar.gz a descargar.
    destination_path: la ruta en el disco donde se extraerá el archivo.

Returns:
    un objeto Path que representa el directorio donde se ha extraído el archivo.
```","def get_repo_archive(url: str, destination_path: Path) -> Path:
""""""
Dado un URL y una ruta de destino, recuperar y extraer un archivo .tar.gz que contiene el archivo 'desc' para cada paquete.  
Cada archivo .tar.gz corresponde a un repositorio de Arch Linux ('core', 'extra', 'community').

Argumentos:
    url: URL del archivo .tar.gz a descargar.
    destination_path: la ruta en el disco donde se extraerá el archivo.

Retorno:
    un objeto Path que representa el directorio donde se ha extraído el archivo.
""""""","['RemoveProgrammingLanguageContext', 'FixTranslation', 'RemoveEncodedAccentInText']","import requests
import tarfile
from pathlib import Path

def get_repo_archive(url: str, destination_path: Path) -> Path:
    """"""
    Dado un URL y una ruta de destino, recuperar y extraer un archivo .tar.gz que contiene el archivo 'desc' para cada paquete.  
    Cada archivo .tar.gz corresponde a un repositorio de Arch Linux ('core', 'extra', 'community').

    Argumentos:
        url: URL del archivo .tar.gz a descargar.
        destination_path: la ruta en el disco donde se extraerá el archivo.

    Retorno:
        un objeto Path que representa el directorio donde se ha extraído el archivo.
    """"""
    # Descargar el archivo .tar.gz
    response = requests.get(url)
    tar_gz_path = destination_path / 'repo_archive.tar.gz'
    
    with open(tar_gz_path, 'wb') as f:
        f.write(response.content)
    
    # Extraer el archivo .tar.gz
    with tarfile.open(tar_gz_path, 'r:gz') as tar:
        tar.extractall(path=destination_path)
    
    # Retornar el directorio donde se ha extraído el archivo
    return destination_path"
62ece4982e6aefcf4aabbd70,"Checks if the os is macOS

    :return: bool, True is macOS, otherwise False.
def os_is_mac():

Checks if the os is macOS

:return: True is macOS
:rtype: bool","Checks if the os is macOS

    :return: bool, True is macOS, otherwise False.","def os_is_mac():
","Verifica si el sistema operativo es macOS

    :return: bool, True si es macOS, de lo contrario False.
def os_is_mac():

Verifica si el sistema operativo es macOS

:return: True si es macOS
:rtype: bool","def os_is_mac():
""""""
Verifica si el sistema operativo es macOS

:return: True si es macOS
:rtype: bool
""""""",[''],"import platform

def os_is_mac():
    """"""
    Verifica si el sistema operativo es macOS

    :return: True si es macOS
    :rtype: bool
    """"""
    return platform.system() == ""Darwin"""
62ece4982e6aefcf4aabbd71,"Convert *.cpp keys to regex keys.
Given a dict where the keys are all filenames with wildcards,
convert only the keys into equivalent regexes and leave the values intact.

Args:
    item: dict to convert
Returns:
    dict with keys converted to regexes
def regex_dict(item):

Convert *.cpp keys to regex keys

Given a dict where the keys are all filenames with wildcards, convert only
the keys into equivalent regexes and leave the values intact.

Example:

rules = {
    '*.cpp':
        {'a': 'arf', 'b': 'bark', 'c': 'coo'},
    '*.h':
        {'h': 'help'}
}
regex_keys = regex_dict(rules)

Args:
    item: dict to convert
Returns:
    dict with keys converted to regexes","Convert *.cpp keys to regex keys.
Given a dict where the keys are all filenames with wildcards,
convert only the keys into equivalent regexes and leave the values intact.

Args:
    item: dict to convert
Returns:
    dict with keys converted to regexes","def regex_dict(item):
","Convertir claves `*.cpp` a claves de expresiones regulares.

Dado un diccionario donde las claves son nombres de archivo con comodines, convierte únicamente las claves en expresiones regulares equivalentes y deja los valores intactos.

### Argumentos:
- `item`: diccionario a convertir.

### Retorna:
- Diccionario con las claves convertidas a expresiones regulares.

```python
import re

def regex_dict(item):
    """"""
    Convierte las claves de un diccionario que contienen comodines en expresiones regulares.

    Args:
        item (dict): Diccionario a convertir.

    Returns:
        dict: Diccionario con claves convertidas a expresiones regulares.
    """"""
    regex_item = {}
    for key, value in item.items():
        # Reemplaza '*' por '.*' y '?' por '.' para convertir a regex
        regex_key = re.compile('^' + re.escape(key).replace(r'\*', '.*').replace(r'\?', '.') + '$')
        regex_item[regex_key] = value
    return regex_item

# Ejemplo de uso
rules = {
    '*.cpp': {'a': 'arf', 'b': 'bark', 'c': 'coo'},
    '*.h': {'h': 'help'}
}

regex_keys = regex_dict(rules)

# regex_keys ahora contiene claves como expresiones regulares
```

### Ejemplo:

Entrada:
```python
rules = {
    '*.cpp': {'a': 'arf', 'b': 'bark', 'c': 'coo'},
    '*.h': {'h': 'help'}
}
```

Salida:
```python
{
    re.compile('^.*\\.cpp$'): {'a': 'arf', 'b': 'bark', 'c': 'coo'},
    re.compile('^.*\\.h$'): {'h': 'help'}
}
```

En este ejemplo, las claves `*.cpp` y `*.h` se convierten en expresiones regulares equivalentes (`^.*\.cpp$` y `^.*\.h$`), mientras que los valores permanecen sin cambios.","def regex_dict(item):
""""""
Convertir claves `*.cpp` a claves de expresiones regulares.

Dado un diccionario donde las claves son nombres de archivo con comodines, convierte únicamente las claves en expresiones regulares equivalentes y deja los valores intactos.

Ejemplo
rules = {
    '*.cpp': {'a': 'arf', 'b': 'bark', 'c': 'coo'},
    '*.h': {'h': 'help'}
}

regex_keys = regex_dict(rules)

    Argumentos:
        item (dict): Diccionario a convertir.

    Retorno:
        dict: Diccionario con claves convertidas a expresiones regulares.
""""""","['RemoveProgrammingLanguageContext', 'RemoveExtraSpecialCharacters', 'RemoveEncodedAccentInText', 'RemoveExtraTextAddedWithinTranslation', 'FixTranslation']","import re

def regex_dict(item):
    """"""
    Convertir claves `*.cpp` a claves de expresiones regulares.

    Dado un diccionario donde las claves son nombres de archivo con comodines, convierte únicamente las claves en expresiones regulares equivalentes y deja los valores intactos.

    Ejemplo
    rules = {
        '*.cpp': {'a': 'arf', 'b': 'bark', 'c': 'coo'},
        '*.h': {'h': 'help'}
    }

    regex_keys = regex_dict(rules)

        Argumentos:
            item (dict): Diccionario a convertir.

        Retorno:
            dict: Diccionario con claves convertidas a expresiones regulares.
    """"""
    regex_dict = {}
    for key, value in item.items():
        regex_key = re.escape(key).replace(r'\*', '.*')
        regex_dict[regex_key] = value
    return regex_dict"
62ece4982e6aefcf4aabbd72,"Remove quote from the given name with regular expression.
    Args:
        name: input name
    Returns:
        name after removal
def unquote(name):

Remove quote from the given name.","Remove quote from the given name with regular expression.
    Args:
        name: input name
    Returns:
        name after removal","def unquote(name):
","Eliminar comillas del nombre dado con una expresión regular.  
    Args:  
        name: nombre de entrada  
    Returns:  
        nombre después de la eliminación  

```python
def unquote(name):
    """"""
    Eliminar comillas del nombre dado.
    """"""
```","def unquote(name):
""""""
    Eliminar comillas del nombre dado.
""""""","['RemoveProgrammingLanguageContext', 'RemoveEncodedAccentInText', 'FixTranslation']","def unquote(name):
    """"""
    Eliminar comillas del nombre dado.
    """"""
    return name.replace('""', '').replace(""'"", """")"
62ece4982e6aefcf4aabbd73,"Split the input str under given platform, return the splitting result
    If platform equals 'this', auto-detect current platform.
    If platform equals 1, use POSIX style.
    If platform equals 0, use Windows/CMD style.
    Args:
        s: input str
        platform: 'this' = auto from current platform; 1 = POSIX; 0 = Windows/CMD
    Returns:
        a list of splitting str
def split(s, platform='this'):

Multi-platform variant of shlex.split() for command-line splitting.
For use with subprocess, for argv injection etc. Using fast REGEX.

platform: 'this' = auto from current platform;
          1 = POSIX;
          0 = Windows/CMD
          (other values reserved)","Split the input str under given platform, return the splitting result
    If platform equals 'this', auto-detect current platform.
    If platform equals 1, use POSIX style.
    If platform equals 0, use Windows/CMD style.
    Args:
        s: input str
        platform: 'this' = auto from current platform; 1 = POSIX; 0 = Windows/CMD
    Returns:
        a list of splitting str","def split(s, platform='this'):
","Divide la cadena de entrada según la plataforma dada, devuelve el resultado de la división.  
Si la plataforma es igual a 'this', se detecta automáticamente la plataforma actual.  
Si la plataforma es igual a 1, se utiliza el estilo POSIX.  
Si la plataforma es igual a 0, se utiliza el estilo Windows/CMD.  

### Argumentos:
- **s**: cadena de entrada.  
- **platform**:  
  - `'this'`: detección automática de la plataforma actual.  
  - `1`: estilo POSIX.  
  - `0`: estilo Windows/CMD.  

### Retorna:
- Una lista de cadenas resultantes de la división.

```python
def split(s, platform='this'):
```

Variante multiplataforma de `shlex.split()` para dividir cadenas de línea de comandos.  
Diseñado para su uso con `subprocess`, inyección de argumentos (`argv`), etc. Utiliza expresiones regulares rápidas.

- **platform**:  
  - `'this'`: detección automática de la plataforma actual.  
  - `1`: estilo POSIX.  
  - `0`: estilo Windows/CMD.  
  - (otros valores están reservados).","def split(s, platform='this'):
""""""
Variante multiplataforma de `shlex.split()` para dividir cadenas de línea de comandos.  
Diseñado para su uso con `subprocess`, inyección de argumentos (`argv`), etc. Utiliza expresiones regulares rápidas.

platform:  'this'= detección automática de la plataforma actual;  
  1= POSIX;  
  0=Windows/CMD  
  (otros valores están reservados).
""""""","['RemoveProgrammingLanguageContext', 'RemoveExtraSpecialCharacters', 'FixTranslation', 'RemoveEncodedAccentInText']","import re
import platform as sys_platform

def split(s, platform='this'):
    """"""
    Variante multiplataforma de `shlex.split()` para dividir cadenas de línea de comandos.  
    Diseñado para su uso con `subprocess`, inyección de argumentos (`argv`), etc. Utiliza expresiones regulares rápidas.

    platform:  'this'= detección automática de la plataforma actual;  
      1= POSIX;  
      0=Windows/CMD  
      (otros valores están reservados).
    """"""
    if platform == 'this':
        platform = 1 if sys_platform.system() != 'Windows' else 0

    if platform == 1:  # POSIX
        pattern = r'(?:""([^""]*)""|\'([^\']*)|(\S+)|\s+)'
    elif platform == 0:  # Windows
        pattern = r'(?:""([^""]*)""|\'([^\']*)|([^""\s]+)|\s+)'
    else:
        raise ValueError(""Unsupported platform value"")

    tokens = []
    for match in re.finditer(pattern, s):
        token = match.group(1) or match.group(2) or match.group(3)
        if token is not None:
            tokens.append(token)

    return tokens"
62ece4982e6aefcf4aabbd74,"Given an existing archive_path, uncompress it.
    Returns a file repo url which can be used as origin url.

    This does not deal with the case where the archive passed along does not exist.
    @param archive_path : archive file path
    @param filename: File name
    @param tmp_path: Temporary file path
    @return Repo URL
def prepare_repository_from_archive(
    archive_path: str,
    filename: Optional[str] = None,
    tmp_path: Union[PosixPath, str] = ""/tmp"",
) -> str:

Given an existing archive_path, uncompress it.
Returns a file repo url which can be used as origin url.

This does not deal with the case where the archive passed along does not exist.","Given an existing archive_path, uncompress it.
    Returns a file repo url which can be used as origin url.

    This does not deal with the case where the archive passed along does not exist.
    @param archive_path : archive file path
    @param filename: File name
    @param tmp_path: Temporary file path
    @return Repo URL","def prepare_repository_from_archive(
    archive_path: str,
    filename: Optional[str] = None,
    tmp_path: Union[PosixPath, str] = ""/tmp"",
) -> str:
","Dado un `archive_path` existente, descomprímelo.  
Devuelve una URL del repositorio de archivos que puede ser utilizada como URL de origen.

Este método no maneja el caso en el que el archivo comprimido proporcionado no exista.  
@param archive_path: Ruta del archivo comprimido  
@param filename: Nombre del archivo  
@param tmp_path: Ruta del archivo temporal  
@return: URL del repositorio  

```python
def prepare_repository_from_archive(
    archive_path: str,
    filename: Optional[str] = None,
    tmp_path: Union[PosixPath, str] = ""/tmp"",
) -> str:
```

Dado un `archive_path` existente, descomprímelo.  
Devuelve una URL del repositorio de archivos que puede ser utilizada como URL de origen.

Este método no maneja el caso en el que el archivo comprimido proporcionado no exista.","def prepare_repository_from_archive(
    archive_path: str,
    filename: Optional[str] = None,
    tmp_path: Union[PosixPath, str] = ""/tmp"",
) -> str:
""""""
Dado un `archive_path` existente, descomprímelo.  
Devuelve una URL del repositorio de archivos que puede ser utilizada como URL de origen.

Este método no maneja el caso en el que el archivo comprimido proporcionado no exista.
""""""","['RemoveProgrammingLanguageContext', 'RemoveEncodedAccentInText']","import os
import zipfile
from pathlib import Path
from typing import Optional, Union

def prepare_repository_from_archive(
    archive_path: str,
    filename: Optional[str] = None,
    tmp_path: Union[Path, str] = ""/tmp"",
) -> str:
    """"""
    Dado un `archive_path` existente, descomprímelo.  
    Devuelve una URL del repositorio de archivos que puede ser utilizada como URL de origen.

    Este método no maneja el caso en el que el archivo comprimido proporcionado no exista.
    """"""
    # Convert tmp_path to Path object
    tmp_path = Path(tmp_path)
    
    # Create temporary directory if it doesn't exist
    tmp_path.mkdir(parents=True, exist_ok=True)
    
    # Define the extraction path
    extraction_path = tmp_path / Path(archive_path).stem
    
    # Unzip the archive
    with zipfile.ZipFile(archive_path, 'r') as zip_ref:
        zip_ref.extractall(extraction_path)
    
    # Return the URL of the repository
    return f""file://{extraction_path.resolve()}"""
62ece4982e6aefcf4aabbd75,"Use the git command to obtain the file names。
    Turn the file names into a list, sort the list for only ignored files
    return those files as a single string with each filename separated by a comma.
def addignored(ignored):

Use the git command to obtain the file names, turn it into a list, sort the list for only ignored files, return those files as a single string with each filename separated by a comma.","Use the git command to obtain the file names。
    Turn the file names into a list, sort the list for only ignored files
    return those files as a single string with each filename separated by a comma.","def addignored(ignored):
","Usa el comando de git para obtener los nombres de los archivos.  
Convierte los nombres de los archivos en una lista, ordena la lista para incluir solo los archivos ignorados,  
devuelve esos archivos como una única cadena con cada nombre de archivo separado por una coma.  

```python
def agregar_ignorados(ignorados):
    # Implementación aquí
```

Usa el comando de git para obtener los nombres de los archivos, conviértelos en una lista, ordena la lista para incluir solo los archivos ignorados, y devuelve esos archivos como una única cadena con cada nombre de archivo separado por una coma.","def addignored(ignored):
""""""
Usa el comando de git para obtener los nombres de los archivos, conviértelos en una lista, ordena la lista para incluir solo los archivos ignorados, y devuelve esos archivos como una única cadena con cada nombre de archivo separado por una coma.
""""""","['RemoveEncodedAccentInText', 'RollbackPartialVarTranslation', 'RemoveExtraTextAddedWithinTranslation', 'RemoveProgrammingLanguageContext']","def addignored(ignored):
    """"""
    Usa el comando de git para obtener los nombres de los archivos, conviértelos en una lista, ordena la lista para incluir solo los archivos ignorados, y devuelve esos archivos como una única cadena con cada nombre de archivo separado por una coma.
    """"""
    import subprocess

    # Obtener la lista de archivos ignorados usando git
    result = subprocess.run(['git', 'check-ignore', '-n', '*'], stdout=subprocess.PIPE, text=True)
    
    # Dividir la salida en líneas y filtrar los nombres de archivo
    ignored_files = result.stdout.strip().split('\n')
    
    # Ordenar la lista de archivos ignorados
    ignored_files = sorted(set(file.split(':')[1].strip() for file in ignored_files if file))
    
    # Unir los nombres de archivo en una cadena separada por comas
    return ', '.join(ignored_files)"
62ece4982e6aefcf4aabbd76,"Check if the type of the given filename is 'doxyfile'

    Args:
        filename: filename to be check
    Returns:
        Return True if the type of the given filename in lower case is 'doxyfile'
def match(filename):

Check if the filename is a type that this module supports

Args:
    filename: Filename to match
Returns:
    False if not a match, True if supported","Check if the type of the given filename is 'doxyfile'

    Args:
        filename: filename to be check
    Returns:
        Return True if the type of the given filename in lower case is 'doxyfile'","def match(filename):
","Verificar si el tipo del nombre de archivo dado es 'doxyfile'

    Argumentos:
        filename: Nombre de archivo a verificar
    Retorna:
        Devuelve True si el tipo del nombre de archivo dado en minúsculas es 'doxyfile'
def match(filename):

Verificar si el nombre de archivo es un tipo que este módulo soporta

Argumentos:
    filename: Nombre de archivo a verificar
Retorna:
    False si no es compatible, True si es soportado","def match(filename):
""""""
Verificar si el nombre de archivo es un tipo que este módulo soporta

Argumentos:
    filename: Nombre de archivo a verificar
Retorna:
    'False' si no es compatible, 'True' si es soportado
""""""",['AddQuotesForEnglishWordsInText'],"def match(filename):
    """"""
    Verificar si el nombre de archivo es un tipo que este módulo soporta

    Argumentos:
        filename: Nombre de archivo a verificar
    Retorna:
        'False' si no es compatible, 'True' si es soportado
    """"""
    supported_extensions = ['.txt', '.csv', '.json', '.xml']  # Ejemplo de extensiones soportadas
    return any(filename.endswith(ext) for ext in supported_extensions)"
62ece4982e6aefcf4aabbd77,"Given a frequency string with a number and a unit of time, return a corresponding
     datetime.timedelta instance.
     If the frequency is None or ""always"", return None.
     Raise ValueError if the given frequency cannot be parsed.
     For instance, given ""3 timeunit"", return datetime.timedelta(timeunit=3)

     @param frequency :  A frequency string ""number timeunit""

    @return str, the corresponding datetime
def parse_frequency(frequency):

Given a frequency string with a number and a unit of time, return a corresponding
datetime.timedelta instance or None if the frequency is None or ""always"".

For instance, given ""3 weeks"", return datetime.timedelta(weeks=3)

Raise ValueError if the given frequency cannot be parsed.","Given a frequency string with a number and a unit of time, return a corresponding
     datetime.timedelta instance.
     If the frequency is None or ""always"", return None.
     Raise ValueError if the given frequency cannot be parsed.
     For instance, given ""3 timeunit"", return datetime.timedelta(timeunit=3)

     @param frequency :  A frequency string ""number timeunit""

    @return str, the corresponding datetime","def parse_frequency(frequency):
","Dado un string de frecuencia con un número y una unidad de tiempo, devuelve una instancia correspondiente de `datetime.timedelta`.  
Si la frecuencia es `None` o `""always""`, devuelve `None`.  
Lanza un `ValueError` si la frecuencia proporcionada no puede ser analizada.  

Por ejemplo, dado `""3 semanas""`, devuelve `datetime.timedelta(weeks=3)`.

```python
@param frequency: Un string de frecuencia en el formato `""número unidad_de_tiempo""`

@return: Una instancia de `datetime.timedelta` o `None` si la frecuencia es `None` o `""always""`.
```

### Implementación de la función
```python
def parse_frequency(frequency):
    """"""
    Dado un string de frecuencia con un número y una unidad de tiempo, devuelve una instancia correspondiente
    de datetime.timedelta o None si la frecuencia es None o ""always"".

    Por ejemplo, dado ""3 semanas"", devuelve datetime.timedelta(weeks=3).

    Lanza ValueError si la frecuencia proporcionada no puede ser analizada.
    """"""
    import datetime

    if frequency is None or frequency.lower() == ""always"":
        return None

    try:
        # Dividir el string en número y unidad de tiempo
        parts = frequency.split()
        if len(parts) != 2:
            raise ValueError(""Formato de frecuencia inválido. Debe ser 'número unidad_de_tiempo'."")

        number = int(parts[0])  # Convertir el número a entero
        time_unit = parts[1].lower()  # Convertir la unidad de tiempo a minúsculas

        # Mapear la unidad de tiempo a los argumentos de timedelta
        time_unit_mapping = {
            ""days"": ""days"",
            ""day"": ""days"",
            ""weeks"": ""weeks"",
            ""week"": ""weeks"",
            ""hours"": ""hours"",
            ""hour"": ""hours"",
            ""minutes"": ""minutes"",
            ""minute"": ""minutes"",
            ""seconds"": ""seconds"",
            ""second"": ""seconds"",
        }

        if time_unit not in time_unit_mapping:
            raise ValueError(f""Unidad de tiempo no reconocida: {time_unit}"")

        # Crear y devolver la instancia de timedelta
        kwargs = {time_unit_mapping[time_unit]: number}
        return datetime.timedelta(**kwargs)

    except Exception as e:
        raise ValueError(f""No se pudo analizar la frecuencia: {frequency}. Error: {e}"")
```

### Ejemplos de uso
```python
print(parse_frequency(""3 weeks""))  # Salida: datetime.timedelta(weeks=3)
print(parse_frequency(""2 days""))   # Salida: datetime.timedelta(days=2)
print(parse_frequency(""5 hours""))  # Salida: datetime.timedelta(hours=5)
print(parse_frequency(""always""))   # Salida: None
print(parse_frequency(None))       # Salida: None
print(parse_frequency(""10 months""))  # Lanza ValueError: Unidad de tiempo no reconocida: months
```","def parse_frequency(frequency):
""""""
    Dado un string de frecuencia con un número y una unidad de tiempo, devuelve una instancia correspondiente de 'datetime.timedelta' o 'None' si la frecuencia es 'None' o ""always"".

    Por ejemplo, dado ""3 weeks"", devuelve datetime.timedelta(weeks=3).

    Lanza ValueError si la frecuencia proporcionada no puede ser analizada
""""""","['RemoveProgrammingLanguageContext', 'RemoveExtraTextAddedWithinTranslation', 'RollbackPartialVarTranslation', 'RemoveExtraSpecialCharacters', 'FixTranslation', 'AddQuotesForEnglishWordsInText']","import datetime

def parse_frequency(frequency):
    """"""
    Dado un string de frecuencia con un número y una unidad de tiempo, devuelve una instancia correspondiente de 'datetime.timedelta' o 'None' si la frecuencia es 'None' o ""always"".

    Por ejemplo, dado ""3 weeks"", devuelve datetime.timedelta(weeks=3).

    Lanza ValueError si la frecuencia proporcionada no puede ser analizada
    """"""
    if frequency is None or frequency.lower() == ""always"":
        return None

    units = {
        'seconds': 'seconds',
        'second': 'seconds',
        's': 'seconds',
        'minutes': 'minutes',
        'minute': 'minutes',
        'm': 'minutes',
        'hours': 'hours',
        'hour': 'hours',
        'h': 'hours',
        'days': 'days',
        'day': 'days',
        'weeks': 'weeks',
        'week': 'weeks',
        'w': 'weeks',
        'months': 'days',  # Approximation: 1 month = 30 days
        'month': 'days',    # Approximation: 1 month = 30 days
        'years': 'days',    # Approximation: 1 year = 365 days
        'year': 'days'      # Approximation: 1 year = 365 days
    }

    parts = frequency.split()
    if len(parts) != 2:
        raise ValueError(""Frequency must be in the format '<number> <unit>'"")

    try:
        value = int(parts[0])
    except ValueError:
        raise ValueError(""The first part of the frequency must be an integer"")

    unit = parts[1].lower()
    if unit not in units:
        raise ValueError(f""Unknown time unit: {unit}"")

    return datetime.timedelta(**{units[unit]: value})"
62ece4992e6aefcf4aabbd78,"Checks if the host is the localhost,
    the localhost include local IP, user name, local domain name, `localhost` and `127.0.0.1`

    Args:
        host: The hostname or ip

    Returns:
        True if the host is the localhost else False
def is_local(host):

Checks if the host is the localhost

:param host: The hostname or ip
:return: True if the host is the localhost","Checks if the host is the localhost,
    the localhost include local IP, user name, local domain name, `localhost` and `127.0.0.1`

    Args:
        host: The hostname or ip

    Returns:
        True if the host is the localhost else False","def is_local(host):
","Verifica si el host es el localhost,  
el localhost incluye la IP local, el nombre de usuario, el nombre de dominio local, `localhost` y `127.0.0.1`.

### Argumentos:
- **host**: El nombre del host o la dirección IP.

### Retorna:
- **True** si el host es el localhost, de lo contrario **False**.

```python
def is_local(host):
    """"""
    Verifica si el host es el localhost.

    :param host: El nombre del host o la dirección IP.
    :return: True si el host es el localhost, de lo contrario False.
    """"""
```","def is_local(host):
""""""
    Verifica si el host es el localhost.

    :param host: El nombre del host o la dirección IP.
    :return: True si el host es el localhost, de lo contrario False.
""""""","['RemoveProgrammingLanguageContext', 'RemoveExtraSpecialCharacters', 'AddQuotesForEnglishWordsInText']","def is_local(host):
    """"""
    Verifica si el host es el localhost.

    :param host: El nombre del host o la dirección IP.
    :return: True si el host es el localhost, de lo contrario False.
    """"""
    return host in ['localhost', '127.0.0.1', '::1']"
62ece4992e6aefcf4aabbd79,"Given a sequence of path, transform all path into glob patterns. Pass through existing patterns untouched.

    Args:
        find_paths: sequence of path
    Returns:
        tuple of transformed path
def make_find_paths(find_paths):

Given a sequence of path fragments or patterns as passed to `--find`, transform all path
fragments into glob patterns. Pass through existing patterns untouched.

For example, given find_paths of:

  ['foo.txt', 'pp:root/somedir']

... transform that into:

  ['sh:**/*foo.txt*/**', 'pp:root/somedir']","Given a sequence of path, transform all path into glob patterns. Pass through existing patterns untouched.

    Args:
        find_paths: sequence of path
    Returns:
        tuple of transformed path","def make_find_paths(find_paths):
","Dada una secuencia de rutas, transforma todas las rutas en patrones glob. Deja los patrones existentes sin modificar.

    Argumentos:
        find_paths: secuencia de rutas
    Retorna:
        tupla de rutas transformadas
def make_find_paths(find_paths):

Dada una secuencia de fragmentos de rutas o patrones proporcionados a través de `--find`, transforma todos los fragmentos de rutas en patrones glob. Deja los patrones existentes sin modificar.

Por ejemplo, dado un `find_paths` de:

  ['foo.txt', 'pp:root/somedir']

... se transforma en:

  ['sh:**/*foo.txt*/**', 'pp:root/somedir']","def make_find_paths(find_paths):
""""""
Dada una secuencia de fragmentos de rutas o patrones proporcionados a través de `--find`, transforma todos los fragmentos de rutas en patrones glob. Deja los patrones existentes sin modificar.

Por ejemplo, dado un `find_paths` de:

  ['foo.txt', 'pp:root/somedir']

... se transforma en:

  ['sh:**/*foo.txt*/**', 'pp:root/somedir']
""""""",[''],"def make_find_paths(find_paths):
    """"""
    Dada una secuencia de fragmentos de rutas o patrones proporcionados a través de `--find`, transforma todos los fragmentos de rutas en patrones glob. Deja los patrones existentes sin modificar.

    Por ejemplo, dado un `find_paths` de:

      ['foo.txt', 'pp:root/somedir']

    ... se transforma en:

      ['sh:**/*foo.txt*/**', 'pp:root/somedir']
    """"""
    transformed_paths = []
    for path in find_paths:
        if not path.startswith('pp:'):
            transformed_path = f'sh:**/*{path}*/**'
            transformed_paths.append(transformed_path)
        else:
            transformed_paths.append(path)
    return transformed_paths"
62ece4992e6aefcf4aabbd7a,"Check whether the current program is run in a Windows gitbash terminal

    Returns:
            boolean, True if gitbash else False
def is_gitbash():

returns True if you run in a Windows gitbash

:return: True if gitbash","Check whether the current program is run in a Windows gitbash terminal

    Returns:
            boolean, True if gitbash else False","def is_gitbash():
","Verificar si el programa actual se ejecuta en un terminal gitbash de Windows

    Devuelve:
            booleano, True si es gitbash, de lo contrario False
def is_gitbash():

Devuelve True si se ejecuta en un gitbash de Windows

:return: True si es gitbash","def is_gitbash():
""""""
Devuelve ""True"" si se ejecuta en un gitbash de Windows

:return: True si es gitbash
""""""",['AddQuotesForEnglishWordsInText'],"import os
import platform

def is_gitbash():
    """"""
    Devuelve ""True"" si se ejecuta en un gitbash de Windows

    :return: True si es gitbash
    """"""
    return platform.system() == ""Windows"" and ""git"" in os.environ.get(""TERM"", """")"
62ece4992e6aefcf4aabbd7b,"Given a rendered config YAML, write it out to target file.
    But if the file already exists and overwrite is False,
    abort before writing anything.
    If the file does not exist, create it.
    Write to the file otherwise.

    Returns: None
def write_configuration(config_filename, rendered_config, mode=0o600, overwrite=False):

Given a target config filename and rendered config YAML, write it out to file. Create any
containing directories as needed. But if the file already exists and overwrite is False,
abort before writing anything.","Given a rendered config YAML, write it out to target file.
    But if the file already exists and overwrite is False,
    abort before writing anything.
    If the file does not exist, create it.
    Write to the file otherwise.

    Returns: None","def write_configuration(config_filename, rendered_config, mode=0o600, overwrite=False):
","Dado un archivo YAML de configuración renderizado, escríbelo en el archivo de destino.  
Pero si el archivo ya existe y `overwrite` es `False`, aborta antes de escribir cualquier cosa.  
Si el archivo no existe, créalo.  
De lo contrario, escribe en el archivo.

Devuelve: `None`

```python
def write_configuration(config_filename, rendered_config, mode=0o600, overwrite=False):
```

Dado un nombre de archivo de configuración de destino y un archivo YAML de configuración renderizado, escríbelo en el archivo.  
Crea cualquier directorio contenedor según sea necesario. Pero si el archivo ya existe y `overwrite` es `False`, aborta antes de escribir cualquier cosa.","def write_configuration(config_filename, rendered_config, mode=0o600, overwrite=False):
""""""
Dado un nombre de archivo de configuración de destino y un archivo YAML de configuración renderizado, escríbelo en el archivo.  
Crea cualquier directorio contenedor según sea necesario. Pero si el archivo ya existe y `overwrite` es `False`, aborta antes de escribir cualquier cosa.
""""""",[''],"import os
import yaml

def write_configuration(config_filename, rendered_config, mode=0o600, overwrite=False):
    """"""
    Dado un nombre de archivo de configuración de destino y un archivo YAML de configuración renderizado, escríbelo en el archivo.  
    Crea cualquier directorio contenedor según sea necesario. Pero si el archivo ya existe y `overwrite` es `False`, aborta antes de escribir cualquier cosa.
    """"""
    # Verificar si el archivo ya existe
    if not overwrite and os.path.exists(config_filename):
        raise FileExistsError(f""El archivo {config_filename} ya existe y overwrite es False."")
    
    # Crear el directorio contenedor si no existe
    os.makedirs(os.path.dirname(config_filename), exist_ok=True)
    
    # Escribir el archivo de configuración
    with open(config_filename, 'w') as config_file:
        yaml.dump(rendered_config, config_file)
    
    # Cambiar los permisos del archivo
    os.chmod(config_filename, mode)"
62ece4992e6aefcf4aabbd7c,"Convert a script to one line command with the given seperator.

        Args:
                script: str
                separator: str
        Returns:
                str, the one-line command.
def oneline(script, seperator="" && ""):

converts a script to one line command.
THis is useful to run a single ssh command and pass a one line script.

:param script:
:return:","Convert a script to one line command with the given seperator.

        Args:
                script: str
                separator: str
        Returns:
                str, the one-line command.","def oneline(script, seperator="" && ""):
","Como escritor técnico en español para un proyecto de desarrollo de software, aquí está la traducción del texto proporcionado:

---

Convierte un script en un comando de una sola línea con el separador dado.

```python
        Args:
                script: str
                separator: str
        Returns:
                str, el comando en una sola línea.
def oneline(script, separator="" && ""):
```

Convierte un script en un comando de una sola línea.  
Esto es útil para ejecutar un único comando SSH y pasar un script en una sola línea.

:param script:  
:return:  

--- 

Si necesitas más ayuda, no dudes en pedírmelo. 😊","def oneline(script, separator="" && ""):
""""""
Convierte un script en un comando de una sola linea.  
Esto es util para ejecutar un único comando SSH y pasar un script en una sola linea.

:param script:  
:return:
""""""","['RemoveProgrammingLanguageContext', 'RemovePromptAdditionalText']","def oneline(script, separator="" && ""):
    """"""
    Convierte un script en un comando de una sola linea.  
    Esto es util para ejecutar un único comando SSH y pasar un script en una sola linea.

    :param script: El script que se desea convertir en una sola línea.
    :return: El script convertido en una sola línea, con comandos separados por el separador especificado.
    """"""
    return separator.join(line.strip() for line in script.strip().splitlines() if line.strip())"
62ece4992e6aefcf4aabbd7d,"Run a function in a sub-process

    Args:
            func: function, the function to be run. It must be in a module that is importable.
            *args: str. Any additional command line arguments to be passed in
                        the first argument to ``subprocess.run``.
            extra_env: dict[str, str]. Any additional environment variables to be set for the subprocess.
    Returns:
            CompletedProcess instance
def subprocess_run_helper(func, *args, timeout, extra_env=None):

Run a function in a sub-process.

Parameters
----------
func : function
    The function to be run.  It must be in a module that is importable.
*args : str
    Any additional command line arguments to be passed in
    the first argument to ``subprocess.run``.
extra_env : dict[str, str]
    Any additional environment variables to be set for the subprocess.","Run a function in a sub-process

    Args:
            func: function, the function to be run. It must be in a module that is importable.
            *args: str. Any additional command line arguments to be passed in
                        the first argument to ``subprocess.run``.
            extra_env: dict[str, str]. Any additional environment variables to be set for the subprocess.
    Returns:
            CompletedProcess instance","def subprocess_run_helper(func, *args, timeout, extra_env=None):
","Ejecutar una función en un subproceso

    Argumentos:
            func: función, la función que se ejecutará. Debe estar en un módulo que sea importable.
            *args: str. Cualquier argumento adicional de línea de comandos que se pasará
                        como primer argumento a ``subprocess.run``.
            extra_env: dict[str, str]. Cualquier variable de entorno adicional que se establecerá para el subproceso.
    Retorna:
            Instancia de CompletedProcess
def subprocess_run_helper(func, *args, timeout, extra_env=None):

Ejecutar una función en un subproceso.

Parámetros
----------
func : función
    La función que se ejecutará. Debe estar en un módulo que sea importable.
*args : str
    Cualquier argumento adicional de línea de comandos que se pasará
    como primer argumento a ``subprocess.run``.
extra_env : dict[str, str]
    Cualquier variable de entorno adicional que se establecerá para el subproceso.","def subprocess_run_helper(func, *args, timeout, extra_env=None):
""""""
Ejecutar una función en un subproceso.

Parametros
----------
func : funcion
    La función que se ejecutara. Debe estar en un modulo que sea importable.
*args : str
    Cualquier argumento adicional de linea de comandos que se pasara como primer argumento a ``subprocess.run``.
extra_env : dict[str, str]
    Cualquier variable de entorno adicional que se establecerá para el subproceso.
""""""",['RemoveExtraSpecialCharacters'],"import subprocess
import os
import sys

def subprocess_run_helper(func, *args, timeout, extra_env=None):
    """"""
    Ejecutar una función en un subproceso.

    Parametros
    ----------
    func : funcion
        La función que se ejecutara. Debe estar en un modulo que sea importable.
    *args : str
        Cualquier argumento adicional de linea de comandos que se pasara como primer argumento a ``subprocess.run``.
    extra_env : dict[str, str]
        Cualquier variable de entorno adicional que se establecerá para el subproceso.
    """"""
    # Asegurarse de que el módulo de la función sea importable
    module_name = func.__module__
    function_name = func.__name__

    # Crear el comando a ejecutar
    command = [sys.executable, '-c', f'import {module_name}; {module_name}.{function_name}(*{args})']

    # Configurar el entorno
    env = os.environ.copy()
    if extra_env:
        env.update(extra_env)

    # Ejecutar el subproceso
    result = subprocess.run(command, env=env, timeout=timeout, text=True, capture_output=True)

    return result"
62ece4992e6aefcf4aabbd7e,"Get the value from environment given a matcher containing a name and an optional default value in its group dict.
    If the variable is not defined in environment and no default value is provided, an Error is raised.
def _resolve_string(matcher):

Get the value from environment given a matcher containing a name and an optional default value.
If the variable is not defined in environment and no default value is provided, an Error is raised.","Get the value from environment given a matcher containing a name and an optional default value in its group dict.
    If the variable is not defined in environment and no default value is provided, an Error is raised.","def _resolve_string(matcher):
","Obtener el valor del entorno dado un matcher que contiene un nombre y un valor predeterminado opcional en su diccionario de grupo.  
Si la variable no está definida en el entorno y no se proporciona un valor predeterminado, se genera un Error.  

```python
def _resolve_string(matcher):
```

Obtener el valor del entorno dado un matcher que contiene un nombre y un valor predeterminado opcional.  
Si la variable no está definida en el entorno y no se proporciona un valor predeterminado, se genera un Error.","def _resolve_string(matcher):
""""""
Obtener el valor del entorno dado un matcher que contiene un nombre y un valor predeterminado opcional.  
Si la variable no está definida en el entorno y no se proporciona un valor predeterminado, se genera un Error.
""""""",['RemoveProgrammingLanguageContext'],"import os

def _resolve_string(matcher):
    """"""
    Obtener el valor del entorno dado un matcher que contiene un nombre y un valor predeterminado opcional.  
    Si la variable no está definida en el entorno y no se proporciona un valor predeterminado, se genera un Error.
    """"""
    name = matcher.get('name')
    default_value = matcher.get('default', None)
    
    value = os.getenv(name, default_value)
    
    if value is None:
        raise ValueError(f""La variable de entorno '{name}' no está definida y no se proporcionó un valor predeterminado."")
    
    return value"
62ece4992e6aefcf4aabbd7f,"Parse an image href into composite parts import urllib.

    :param image_href: href of an image
    :returns: a tuple of the form (image_id, netloc, use_ssl)
    :raises ValueError:
def _parse_image_ref(image_href: str) -> Tuple[str, str, bool]:

Parse an image href into composite parts.

:param image_href: href of an image
:returns: a tuple of the form (image_id, netloc, use_ssl)
:raises ValueError:","Parse an image href into composite parts import urllib.

    :param image_href: href of an image
    :returns: a tuple of the form (image_id, netloc, use_ssl)
    :raises ValueError:","def _parse_image_ref(image_href: str) -> Tuple[str, str, bool]:
","Analizar un enlace (href) de una imagen en partes compuestas.

```python
import urllib

def _parse_image_ref(image_href: str) -> Tuple[str, str, bool]:
    """"""
    Analizar un enlace (href) de una imagen en partes compuestas.

    :param image_href: href de una imagen
    :returns: una tupla con el formato (image_id, netloc, use_ssl)
    :raises ValueError: 
    """"""
```

Explicación de los parámetros y retorno:
- `image_href`: href de una imagen.
- Retorno: una tupla con el formato `(image_id, netloc, use_ssl)`, donde:
  - `image_id`: Identificador único de la imagen.
  - `netloc`: Localización de la red (dominio o dirección base del enlace).
  - `use_ssl`: Un valor booleano que indica si se utiliza SSL (https).

Excepción:
- `ValueError`: Se lanza si el enlace no es válido o no puede ser analizado correctamente.","def _parse_image_ref(image_href: str) -> Tuple[str, str, bool]:
""""""
    Analizar un enlace (href) de una imagen en partes compuestas.

    :param image_href: href de una imagen
    :returns: una tupla con el formato (image_id, netloc, use_ssl)
    :raises ValueError: 

Explicación de los parámetros y retorno:
- `image_href`: href de una imagen.
- Retorno: una tupla con el formato `(image_id, netloc, use_ssl)`, donde:
  - `image_id`: Identificador unico de la imagen.
  - `netloc`: Localizacion de la red (dominio o dirección base del enlace).
  - `use_ssl`: Un valor booleano que indica si se utiliza SSL (https).

Excepcion:
- `ValueError`: Se lanza si el enlace no es valido o no puede ser analizado correctamente.
""""""","['RemoveProgrammingLanguageContext', 'RemoveEncodedAccentInText']","from urllib.parse import urlparse

def _parse_image_ref(image_href: str) -> Tuple[str, str, bool]:
    """"""
    Analizar un enlace (href) de una imagen en partes compuestas.

    :param image_href: href de una imagen
    :returns: una tupla con el formato (image_id, netloc, use_ssl)
    :raises ValueError: 

    Explicación de los parámetros y retorno:
    - `image_href`: href de una imagen.
    - Retorno: una tupla con el formato `(image_id, netloc, use_ssl)`, donde:
      - `image_id`: Identificador unico de la imagen.
      - `netloc`: Localizacion de la red (dominio o dirección base del enlace).
      - `use_ssl`: Un valor booleano que indica si se utiliza SSL (https).

    Excepcion:
    - `ValueError`: Se lanza si el enlace no es valido o no puede ser analizado correctamente.
    """"""
    parsed_url = urlparse(image_href)
    
    if not all([parsed_url.scheme, parsed_url.netloc, parsed_url.path]):
        raise ValueError(""El enlace proporcionado no es válido."")
    
    image_id = parsed_url.path.split('/')[-1]  # Suponiendo que el ID de la imagen es el último segmento del path
    netloc = parsed_url.netloc
    use_ssl = parsed_url.scheme == 'https'
    
    return image_id, netloc, use_ssl"
62ece4992e6aefcf4aabbd80,"If input list is None, return []
    Iterate over a string list and remove trailing os seperator characters.
    Each string is tested if its length is greater than one and if the last
    character is the pathname seperator.
    Returns:
    A list after removing trailing os seperator characters.
def remove_ending_os_sep(input_list):

Iterate over a string list and remove trailing os seperator characters.

Each string is tested if its length is greater than one and if the last
character is the pathname seperator. If so, the pathname seperator character
is removed.

Args:
    input_list: list of strings

Returns:
    Processed list of strings

Raises:
    TypeError","If input list is None, return []
    Iterate over a string list and remove trailing os seperator characters.
    Each string is tested if its length is greater than one and if the last
    character is the pathname seperator.
    Returns:
    A list after removing trailing os seperator characters.","def remove_ending_os_sep(input_list):
","Si la lista de entrada es None, devuelve []
    Itera sobre una lista de cadenas y elimina los caracteres separadores de ruta del sistema operativo al final.
    Cada cadena se verifica para determinar si su longitud es mayor que uno y si el último
    carácter es el separador de ruta.
    Devuelve:
    Una lista después de eliminar los caracteres separadores de ruta del sistema operativo al final.
def remove_ending_os_sep(input_list):

Itera sobre una lista de cadenas y elimina los caracteres separadores de ruta del sistema operativo al final.

Cada cadena se verifica para determinar si su longitud es mayor que uno y si el último
carácter es el separador de ruta. Si es así, se elimina el carácter separador de ruta.

Argumentos:
    input_list: lista de cadenas

Devuelve:
    Lista procesada de cadenas

Excepciones:
    TypeError","def remove_ending_os_sep(input_list):
""""""
Itera sobre una lista de cadenas y elimina los caracteres separadores de ruta del sistema operativo al final.

Cada cadena se verifica para determinar si su longitud es mayor que uno y si el último
carácter es el separador de ruta. Si es así, se elimina el carácter separador de ruta.

Argumentos:
    input_list: lista de cadenas

Devuelve:
    Lista procesada de cadenas

Excepciones:
    TypeError
""""""",[''],"def remove_ending_os_sep(input_list):
    """"""
    Itera sobre una lista de cadenas y elimina los caracteres separadores de ruta del sistema operativo al final.

    Cada cadena se verifica para determinar si su longitud es mayor que uno y si el último
    carácter es el separador de ruta. Si es así, se elimina el carácter separador de ruta.

    Argumentos:
        input_list: lista de cadenas

    Devuelve:
        Lista procesada de cadenas

    Excepciones:
        TypeError
    """"""
    if not isinstance(input_list, list):
        raise TypeError(""input_list debe ser una lista de cadenas"")
    
    import os
    
    path_sep = os.path.sep
    processed_list = []
    
    for item in input_list:
        if isinstance(item, str) and len(item) > 1 and item.endswith(path_sep):
            processed_list.append(item[:-1])
        else:
            processed_list.append(item)
    
    return processed_list"
62ece4992e6aefcf4aabbd82,"Convert a string to a regex pattern object

    Args:
            pattern: str or regex pattern object
            strip: boolean, whether the spaces in the start/end will be stripped
    Returns:
            regex pattern object
def get_pattern(pattern, strip=True):

This method converts the given string to regex pattern","Convert a string to a regex pattern object

    Args:
            pattern: str or regex pattern object
            strip: boolean, whether the spaces in the start/end will be stripped
    Returns:
            regex pattern object","def get_pattern(pattern, strip=True):
","Convertir una cadena a un objeto de patrón regex

    Argumentos:
            pattern: str o un objeto de patrón regex
            strip: booleano, indica si los espacios al inicio/final deben ser eliminados
    Retorna:
            objeto de patrón regex
def get_pattern(pattern, strip=True):

Este método convierte la cadena proporcionada en un objeto de patrón regex.","def get_pattern(pattern, strip=True):
""""""
Este método convierte la cadena proporcionada en un objeto de patrón regex.
""""""",[''],"import re

def get_pattern(pattern, strip=True):
    """"""
    Este método convierte la cadena proporcionada en un objeto de patrón regex.
    """"""
    if strip:
        pattern = pattern.strip()
    return re.compile(pattern)"
62ece4992e6aefcf4aabbd83,"A list of command is given. Run the given command(s) with the given arguments use a subprocess. Return the running result (stdout and returncode)
def run_command(commands, args, cwd=None, verbose=False, hide_stderr=False, env=None):

Call the given command(s).",A list of command is given. Run the given command(s) with the given arguments use a subprocess. Return the running result (stdout and returncode),"def run_command(commands, args, cwd=None, verbose=False, hide_stderr=False, env=None):
","Como redactor técnico en español para un proyecto de desarrollo de software, aquí está la traducción del texto proporcionado:

---

Se proporciona una lista de comandos. Ejecuta el/los comando(s) dado(s) con los argumentos proporcionados utilizando un subproceso. Devuelve el resultado de la ejecución (stdout y returncode).

```python
def run_command(commands, args, cwd=None, verbose=False, hide_stderr=False, env=None):
```

Llama al/los comando(s) dado(s).","def run_command(commands, args, cwd=None, verbose=False, hide_stderr=False, env=None):
""""""
Llama al/los comando(s) dado(s).
""""""","['RemoveProgrammingLanguageContext', 'RemovePromptAdditionalText']","import subprocess
import os

def run_command(commands, args, cwd=None, verbose=False, hide_stderr=False, env=None):
    """"""
    Llama al/los comando(s) dado(s).
    """"""
    if isinstance(commands, str):
        commands = [commands]
    
    results = []
    for command in commands:
        full_command = [command] + args
        if verbose:
            print(f""Running command: {' '.join(full_command)}"")
        
        process = subprocess.Popen(
            full_command,
            cwd=cwd,
            stdout=subprocess.PIPE,
            stderr=subprocess.PIPE if not hide_stderr else subprocess.DEVNULL,
            env=env
        )
        
        stdout, stderr = process.communicate()
        results.append({
            'command': command,
            'returncode': process.returncode,
            'stdout': stdout.decode('utf-8'),
            'stderr': stderr.decode('utf-8') if not hide_stderr else None
        })
    
    return results"
62ece4992e6aefcf4aabbd84,"Test if IPv4 address or not.

   Returns: Boolean, True if target is IPv4 address, else False.
def is_ipv4(target):

Test if IPv4 address or not
    ","Test if IPv4 address or not.

   Returns: Boolean, True if target is IPv4 address, else False.","def is_ipv4(target):
","Probar si es una dirección IPv4 o no.

   Devuelve: Booleano, True si el objetivo es una dirección IPv4, de lo contrario False.
def es_ipv4(objetivo):

Probar si es una dirección IPv4 o no","def es_ipv4(objetivo):
""""""
Probar si es una dirección IPv4 o no
""""""",[''],"import re

def es_ipv4(objetivo):
    """"""
    Probar si es una dirección IPv4 o no
    """"""
    patron = r'^(25[0-5]|2[0-4][0-9]|[01]?[0-9][0-9]?)\.' \
             r'(25[0-5]|2[0-4][0-9]|[01]?[0-9][0-9]?)\.' \
             r'(25[0-5]|2[0-4][0-9]|[01]?[0-9][0-9]?)\.' \
             r'(25[0-5]|2[0-4][0-9]|[01]?[0-9][0-9]?)$'
    return re.match(patron, objetivo) is not None"
62ece4992e6aefcf4aabbd85," Find the roots in some sort of transitive hierarchy.

    find_roots(graph, rdflib.RDFS.subClassOf)
    will return a set of all roots of the sub-class hierarchy

    Assumes triple of the form (child, prop, parent), i.e. the direction of
    RDFS.subClassOf or SKOS.broader

    Args:
        graph: Graph Class Object
        prop: URIRef Class Object
        roots: Optional list with set type
    Return:
        roots: a set with nodes
def find_roots(
    graph: ""Graph"", prop: ""URIRef"", roots: Optional[Set[""Node""]] = None
) -> Set[""Node""]:

Find the roots in some sort of transitive hierarchy.

find_roots(graph, rdflib.RDFS.subClassOf)
will return a set of all roots of the sub-class hierarchy

Assumes triple of the form (child, prop, parent), i.e. the direction of
RDFS.subClassOf or SKOS.broader"," Find the roots in some sort of transitive hierarchy.

    find_roots(graph, rdflib.RDFS.subClassOf)
    will return a set of all roots of the sub-class hierarchy

    Assumes triple of the form (child, prop, parent), i.e. the direction of
    RDFS.subClassOf or SKOS.broader

    Args:
        graph: Graph Class Object
        prop: URIRef Class Object
        roots: Optional list with set type
    Return:
        roots: a set with nodes","def find_roots(
    graph: ""Graph"", prop: ""URIRef"", roots: Optional[Set[""Node""]] = None
) -> Set[""Node""]:
","Encuentra las raíces en algún tipo de jerarquía transitiva.

```python
find_roots(graph, rdflib.RDFS.subClassOf)
```

Devolverá un conjunto con todas las raíces de la jerarquía de subclases.

Se asume que los triples tienen la forma `(hijo, prop, padre)`, es decir, la dirección de `RDFS.subClassOf` o `SKOS.broader`.

### Argumentos:
- **graph**: Objeto de la clase `Graph`.
- **prop**: Objeto de la clase `URIRef`.
- **roots**: Lista opcional con tipo `set`.

### Retorno:
- **roots**: Un conjunto con los nodos.

```python
def find_roots(
    graph: ""Graph"", prop: ""URIRef"", roots: Optional[Set[""Node""]] = None
) -> Set[""Node""]:
```

Encuentra las raíces en algún tipo de jerarquía transitiva.

```python
find_roots(graph, rdflib.RDFS.subClassOf)
```

Devolverá un conjunto con todas las raíces de la jerarquía de subclases.

Se asume que los triples tienen la forma `(hijo, prop, padre)`, es decir, la dirección de `RDFS.subClassOf` o `SKOS.broader`.","def find_roots(
    graph: ""Graph"", prop: ""URIRef"", roots: Optional[Set[""Node""]] = None
) -> Set[""Node""]:
""""""
Encuentra las raíces en algún tipo de jerarquía transitiva.

find_roots(graph, rdflib.RDFS.subClassOf)

Devolverá un conjunto con todas las raíces de la jerarquía de subclases.

Se asume que los triples tienen la forma `(hijo, prop, padre)`, es decir, la dirección de `RDFS.subClassOf` o `SKOS.broader`.

Argumentos:
graph: Objeto de la clase `Graph`.
prop: Objeto de la clase `URIRef`.
roots: Lista opcional con tipo `set`.

Retorno:
roots: Un conjunto con los nodos.
""""""","['RemoveProgrammingLanguageContext', 'RemoveRepeatedPrompText', 'RemoveEnrichedTextAdditions']","from typing import Optional, Set
from rdflib import Graph, URIRef

def find_roots(
    graph: Graph, prop: URIRef, roots: Optional[Set[""Node""]] = None
) -> Set[""Node""]:
    if roots is None:
        roots = set()

    # Get all subjects and objects for the given property
    children = set(graph.subjects(prop))
    parents = set(graph.objects(None, prop))

    # Find roots by checking which children have no parents
    for child in children:
        if child not in parents:
            roots.add(child)

    return roots"
62ece4992e6aefcf4aabbd86,"Given a python object and serialize it into a YAML stream

    Args:
        obj: python object

    Returns:
        YAML stream
def _dump_string(obj, dumper=None):

Dump to a py2-unicode or py3-string","Given a python object and serialize it into a YAML stream

    Args:
        obj: python object

    Returns:
        YAML stream","def _dump_string(obj, dumper=None):
","Dado un objeto de Python y serialízalo en un flujo YAML

    Argumentos:
        obj: objeto de Python

    Retorna:
        Flujo YAML
def _dump_string(obj, dumper=None):

Volcar a una cadena en formato py2-unicode o py3-string","def _dump_string(obj, dumper=None):
""""""
Volcar a una cadena en formato py2-unicode o py3-string
""""""",[''],"def _dump_string(obj, dumper=None):
    """"""
    Volcar a una cadena en formato py2-unicode o py3-string
    """"""
    if dumper is None:
        dumper = str  # Default to str for Python 3
    return dumper(obj)"
62ece4992e6aefcf4aabbd87,"General purpose application logger. Useful mainly for debugging
    Args:
        name: The name of logger
        logfile: The log file need to save
        debug: is need to debug

    Returns:
        Returns an instantiated logger object
def build_app_logger(name='app', logfile='app.log', debug=True):

General purpose application logger. Useful mainly for debugging","General purpose application logger. Useful mainly for debugging
    Args:
        name: The name of logger
        logfile: The log file need to save
        debug: is need to debug

    Returns:
        Returns an instantiated logger object","def build_app_logger(name='app', logfile='app.log', debug=True):
","Registrador de aplicaciones de propósito general. Útil principalmente para depuración.  
```python
    Args:
        name: El nombre del registrador (logger).
        logfile: El archivo de registro donde se guardarán los logs.
        debug: Indica si es necesario habilitar la depuración.

    Returns:
        Devuelve un objeto de registrador (logger) instanciado.
def build_app_logger(name='app', logfile='app.log', debug=True):
```

Registrador de aplicaciones de propósito general. Útil principalmente para depuración.","def build_app_logger(name='app', logfile='app.log', debug=True):
""""""
""Logger"" de aplicaciones de propósito general. Útil principalmente para depuración.

    Args:
        name: El nombre del logger.
        logfile: El archivo de registro donde se guardarán los logs.
        debug: Indica si es necesario habilitar la depuración.

    Returns:
        Devuelve un objeto de registrador (logger) instanciado.
""""""","['RemoveProgrammingLanguageContext', 'AddQuotesForEnglishWordsInText', 'FixTranslation', 'RemoveRepeatedPrompText']","import logging
import os

def build_app_logger(name='app', logfile='app.log', debug=True):
    """"""
    ""Logger"" de aplicaciones de propósito general. Útil principalmente para depuración.

    Args:
        name: El nombre del logger.
        logfile: El archivo de registro donde se guardarán los logs.
        debug: Indica si es necesario habilitar la depuración.

    Returns:
        Devuelve un objeto de registrador (logger) instanciado.
    """"""
    # Crear el directorio para el archivo de log si no existe
    os.makedirs(os.path.dirname(logfile), exist_ok=True)

    # Configurar el logger
    logger = logging.getLogger(name)
    logger.setLevel(logging.DEBUG if debug else logging.INFO)

    # Crear un manejador de archivo
    file_handler = logging.FileHandler(logfile)
    file_handler.setLevel(logging.DEBUG if debug else logging.INFO)

    # Crear un formateador y asignarlo al manejador
    formatter = logging.Formatter('%(asctime)s - %(name)s - %(levelname)s - %(message)s')
    file_handler.setFormatter(formatter)

    # Agregar el manejador al logger
    logger.addHandler(file_handler)

    return logger"
62ece4992e6aefcf4aabbd88,"Returns a 0-filled array of the given shape and type.

        Args:
                shape : tuple
                    shape of the array to create
                dtype : `numpy.dtype`
                    data-type of the array to create
        Return: array
def make_array(shape, dtype=np.dtype(""float32"")):

Function to create an array with shape and dtype.

Parameters
----------
shape : tuple
    shape of the array to create
dtype : `numpy.dtype`
    data-type of the array to create","Returns a 0-filled array of the given shape and type.

        Args:
                shape : tuple
                    shape of the array to create
                dtype : `numpy.dtype`
                    data-type of the array to create
        Return: array","def make_array(shape, dtype=np.dtype(""float32"")):
","Devuelve un arreglo lleno de ceros con la forma y el tipo de datos especificados.

        Argumentos:
                shape : tuple
                    Forma del arreglo a crear.
                dtype : `numpy.dtype`
                    Tipo de datos del arreglo a crear.
        Retorno: array
def make_array(shape, dtype=np.dtype(""float32"")):

Función para crear un arreglo con la forma y el tipo de datos especificados.

Parámetros
----------
shape : tuple
    Forma del arreglo a crear.
dtype : `numpy.dtype`
    Tipo de datos del arreglo a crear.","def make_array(shape, dtype=np.dtype(""float32"")):
""""""
Devuelve un arreglo lleno de ceros con la forma y el tipo de datos especificados.

        Argumentos:
                shape : tuple
                    Forma del arreglo a crear.
                dtype : `numpy.dtype`
                    Tipo de datos del arreglo a crear.
        Retorno: array
""""""",['RemoveRepeatedPrompText'],"import numpy as np

def make_array(shape, dtype=np.dtype(""float32"")):
    """"""
    Devuelve un arreglo lleno de ceros con la forma y el tipo de datos especificados.

            Argumentos:
                    shape : tuple
                        Forma del arreglo a crear.
                    dtype : `numpy.dtype`
                        Tipo de datos del arreglo a crear.
            Retorno: array
    """"""
    return np.zeros(shape, dtype=dtype)"
62ece4992e6aefcf4aabbd89,"Calculate Gaussian centered with u is 0.2 and sigma is 0.1.
def gaussian(x):

Gaussian centered around 0.2 with a sigma of 0.1.",Calculate Gaussian centered with u is 0.2 and sigma is 0.1.,"def gaussian(x):
","Calcular la Gaussiana centrada en u = 0.2 y sigma = 0.1.  
```python
def gaussian(x):
```

Gaussiana centrada en 0.2 con un sigma de 0.1.","def gaussian(x):
""""""
Calcular la Gaussiana centrada en u = 0.2 y sigma = 0.1.  
""""""",['RemoveRepeatedPrompText'],"def gaussian(x):
    """"""
    Calcular la Gaussiana centrada en u = 0.2 y sigma = 0.1.  
    """"""
    import math
    u = 0.2
    sigma = 0.1
    coefficient = 1 / (sigma * math.sqrt(2 * math.pi))
    exponent = -((x - u) ** 2) / (2 * sigma ** 2)
    return coefficient * math.exp(exponent)"
62ece4992e6aefcf4aabbd8a,"Given a sequence of configuration filenames, load and validate each configuration file. If the configuration file
cannot be read due to insufficient permissions or error parsing configuration file, the error log will
be recorded. Otherwise, return the results as a tuple of: dict of configuration filename to corresponding parsed configuration,
and sequence of logging.LogRecord instances containing any parse errors.
def load_configurations(config_filenames, overrides=None, resolve_env=True):

Given a sequence of configuration filenames, load and validate each configuration file. Return
the results as a tuple of: dict of configuration filename to corresponding parsed configuration,
and sequence of logging.LogRecord instances containing any parse errors.","Given a sequence of configuration filenames, load and validate each configuration file. If the configuration file
cannot be read due to insufficient permissions or error parsing configuration file, the error log will
be recorded. Otherwise, return the results as a tuple of: dict of configuration filename to corresponding parsed configuration,
and sequence of logging.LogRecord instances containing any parse errors.","def load_configurations(config_filenames, overrides=None, resolve_env=True):
","Dada una secuencia de nombres de archivo de configuración, carga y valida cada archivo de configuración. Si el archivo de configuración no puede ser leído debido a permisos insuficientes o errores al analizar el archivo de configuración, se registrará el error en el log. De lo contrario, devuelve los resultados como una tupla que contiene: un diccionario que asocia el nombre del archivo de configuración con su configuración analizada correspondiente, y una secuencia de instancias de `logging.LogRecord` que contienen cualquier error de análisis.

```python
def load_configurations(config_filenames, overrides=None, resolve_env=True):
    """"""
    Dada una secuencia de nombres de archivo de configuración, carga y valida cada archivo de configuración.
    Devuelve los resultados como una tupla que contiene:
    - Un diccionario que asocia el nombre del archivo de configuración con su configuración analizada correspondiente.
    - Una secuencia de instancias de `logging.LogRecord` que contienen cualquier error de análisis.
    """"""
```","def load_configurations(config_filenames, overrides=None, resolve_env=True):
""""""
Dada una secuencia de nombres de archivo de configuración, carga y valida cada archivo de configuración. Si el archivo de configuración no puede ser leído debido a permisos insuficientes o errores al analizar el archivo de configuración, se registrará el error en el log. De lo contrario, devuelve los resultados como una tupla que contiene: un diccionario que asocia el nombre del archivo de configuración con su configuración analizada correspondiente, y una secuencia de instancias de `logging.LogRecord` que contienen cualquier error de análisis.
""""""","['RemoveRepeatedPrompText', 'RemoveProgrammingLanguageContext']","import logging
import json
import os

def load_configurations(config_filenames, overrides=None, resolve_env=True):
    """"""
    Dada una secuencia de nombres de archivo de configuración, carga y valida cada archivo de configuración. Si el archivo de configuración no puede ser leído debido a permisos insuficientes o errores al analizar el archivo de configuración, se registrará el error en el log. De lo contrario, devuelve los resultados como una tupla que contiene: un diccionario que asocia el nombre del archivo de configuración con su configuración analizada correspondiente, y una secuencia de instancias de `logging.LogRecord` que contienen cualquier error de análisis.
    """"""
    if overrides is None:
        overrides = {}

    configurations = {}
    log_records = []

    for filename in config_filenames:
        try:
            if resolve_env:
                filename = os.path.expandvars(filename)
            with open(filename, 'r') as file:
                config = json.load(file)
                # Apply overrides
                config.update(overrides)
                configurations[filename] = config
        except (IOError, json.JSONDecodeError) as e:
            log_record = logging.LogRecord(
                name='config_loader',
                level=logging.ERROR,
                pathname=filename,
                lineno=0,
                msg=str(e),
                args=None,
                exc_info=None
            )
            log_records.append(log_record)
            logging.error(f""Error loading configuration from {filename}: {e}"")

    return configurations, log_records"
62ece4992e6aefcf4aabbd8b,"Force decoding obj with 'utf-8' if it is a numpy.bytes or bytes

    Args:
        obj: consistency config

    Returns:
        returns the bytes object corresponding to `obj` in case it is a string using UTF-8 else return `obj`
def force_string(obj):

This function returns the bytes object corresponding to ``obj``
in case it is a string using UTF-8. ","Force decoding obj with 'utf-8' if it is a numpy.bytes or bytes

    Args:
        obj: consistency config

    Returns:
        returns the bytes object corresponding to `obj` in case it is a string using UTF-8 else return `obj`","def force_string(obj):
","Forzar la decodificación de `obj` con 'utf-8' si es un objeto de tipo `numpy.bytes` o `bytes`

```python
    Args:
        obj: configuración de consistencia

    Returns:
        Devuelve el objeto de tipo `bytes` correspondiente a `obj` en caso de que sea una cadena utilizando UTF-8; de lo contrario, devuelve `obj`.
def force_string(obj):
```

Esta función devuelve el objeto de tipo `bytes` correspondiente a ``obj`` en caso de que sea una cadena utilizando UTF-8.","def force_string(obj):
""""""
Esta función devuelve el objeto de tipo `bytes` correspondiente a ``obj`` en caso de que sea una cadena utilizando UTF-8.
""""""",['RemoveProgrammingLanguageContext'],"def force_string(obj):
    """"""
    Esta función devuelve el objeto de tipo `bytes` correspondiente a ``obj`` en caso de que sea una cadena utilizando UTF-8.
    """"""
    if isinstance(obj, str):
        return obj.encode('utf-8')
    return obj"
62e60723d76274f8a4026b76,"def from_ticks(cls, ticks, tz=None):

Create a time from ticks (nanoseconds since midnight).

:param ticks: nanoseconds since midnight
:type ticks: int
:param tz: optional timezone
:type tz: datetime.tzinfo

:rtype: Time

:raises ValueError: if ticks is out of bounds
    (0 <= ticks < 86400000000000)","Create a time from ticks (nanoseconds since midnight).

:param ticks: nanoseconds since midnight
:type ticks: int
:param tz: optional timezone
:type tz: datetime.tzinfo

:rtype: Time

:raises ValueError: if ticks is out of bounds
    (0 <= ticks < 86400000000000)","def from_ticks(cls, ticks, tz=None):
","```python
@classmethod
def from_ticks(cls, ticks, tz=None):
    """"""
    Crear una hora a partir de ticks (nanosegundos desde la medianoche).

    :param ticks: nanosegundos desde la medianoche
    :type ticks: int
    :param tz: zona horaria opcional
    :type tz: datetime.tzinfo

    :rtype: Time

    :raises ValueError: si los ticks están fuera de los límites
        (0 <= ticks < 86400000000000)
    """"""
```","def from_ticks(cls, ticks, tz=None):
""""""
    Crear una hora a partir de ticks (nanosegundos desde la medianoche).

    :param ticks: nanosegundos desde la medianoche
    :type ticks: int
    :param tz: zona horaria opcional
    :type tz: datetime.tzinfo

    :rtype: Time

    :raises ValueError: si los ticks están fuera de los límites
        (0 <= ticks < 86400000000000)
""""""","['RemoveCodeAnnotation', 'RemoveProgrammingLanguageContext', '']","def from_ticks(cls, ticks, tz=None):
    """"""
    Crear una hora a partir de ticks (nanosegundos desde la medianoche).

    :param ticks: nanosegundos desde la medianoche
    :type ticks: int
    :param tz: zona horaria opcional
    :type tz: datetime.tzinfo

    :rtype: Time

    :raises ValueError: si los ticks están fuera de los límites
        (0 <= ticks < 86400000000000)
    """"""
    if not (0 <= ticks < 86400000000000):
        raise ValueError(""Ticks must be between 0 and 86400000000000"")
    
    seconds = ticks // 1_000_000_000
    nanoseconds = ticks % 1_000_000_000
    hours, remainder = divmod(seconds, 3600)
    minutes, seconds = divmod(remainder, 60)
    
    time_obj = cls(hours, minutes, seconds, nanoseconds, tz)
    return time_obj"
62e60873d76274f8a4026bd8,"def protocol_handlers(cls, protocol_version=None):

Return a dictionary of available Bolt protocol handlers,
keyed by version tuple. If an explicit protocol version is
provided, the dictionary will contain either zero or one items,
depending on whether that version is supported. If no protocol
version is provided, all available versions will be returned.

:param protocol_version: tuple identifying a specific protocol
    version (e.g. (3, 5)) or None
:return: dictionary of version tuple to handler class for all
    relevant and supported protocol versions
:raise TypeError: if protocol version is not passed in a tuple","Return a dictionary of available Bolt protocol handlers,
keyed by version tuple. If an explicit protocol version is
provided, the dictionary will contain either zero or one items,
depending on whether that version is supported. If no protocol
version is provided, all available versions will be returned.

:param protocol_version: tuple identifying a specific protocol
    version (e.g. (3, 5)) or None
:return: dictionary of version tuple to handler class for all
    relevant and supported protocol versions
:raise TypeError: if protocol version is not passed in a tuple","def protocol_handlers(cls, protocol_version=None):
","```python
def protocol_handlers(cls, protocol_version=None):
    """"""
    Devuelve un diccionario de los controladores de protocolo Bolt disponibles,
    indexados por una tupla de versión. Si se proporciona una versión de protocolo
    explícita, el diccionario contendrá cero o un elemento, dependiendo de si esa
    versión es compatible. Si no se proporciona ninguna versión de protocolo, se
    devolverán todas las versiones disponibles.

    :param protocol_version: tupla que identifica una versión específica del protocolo
        (por ejemplo, (3, 5)) o None
    :return: diccionario que mapea tuplas de versión a clases de controladores para
        todas las versiones relevantes y compatibles del protocolo
    :raise TypeError: si la versión del protocolo no se pasa como una tupla
    """"""
```","def protocol_handlers(cls, protocol_version=None):
""""""
    Devuelve un diccionario de los controladores de protocolo Bolt disponibles, indexados por una tupla de versión. Si se proporciona una versión de protocolo explícita, el diccionario contendrá cero o un elemento, dependiendo de si esa versión es compatible. Si no se proporciona ninguna versión de protocolo, se devolverán todas las versiones disponibles.

    :param protocol_version: tupla que identifica una versión específica del protocolo (por ejemplo, (3, 5)) o None
    :return: diccionario que mapea tuplas de versión a clases de controladores para todas las versiones relevantes y compatibles del protocolo
    :raise TypeError: si la versión del protocolo no se pasa como una tupla
""""""","['RemoveProgrammingLanguageContext', 'RemoveEnrichedTextAdditions', 'RemoveExtraWhitespaces']","def protocol_handlers(cls, protocol_version=None):
    """"""
    Devuelve un diccionario de los controladores de protocolo Bolt disponibles, indexados por una tupla de versión. Si se proporciona una versión de protocolo explícita, el diccionario contendrá cero o un elemento, dependiendo de si esa versión es compatible. Si no se proporciona ninguna versión de protocolo, se devolverán todas las versiones disponibles.

    :param protocol_version: tupla que identifica una versión específica del protocolo (por ejemplo, (3, 5)) o None
    :return: diccionario que mapea tuplas de versión a clases de controladores para todas las versiones relevantes y compatibles del protocolo
    :raise TypeError: si la versión del protocolo no se pasa como una tupla
    """"""
    if protocol_version is not None and not isinstance(protocol_version, tuple):
        raise TypeError(""La versión del protocolo debe ser una tupla"")

    # Simulación de controladores de protocolo disponibles
    available_handlers = {
        (3, 0): ""HandlerV3_0"",
        (3, 5): ""HandlerV3_5"",
        (4, 0): ""HandlerV4_0"",
    }

    if protocol_version is not None:
        return {protocol_version: available_handlers.get(protocol_version)} if protocol_version in available_handlers else {}

    return available_handlers"
62e60e3bd76274f8a4026d1a,"def from_raw_values(cls, values):

Create a Bookmarks object from a list of raw bookmark string values.

You should not need to use this method unless you want to deserialize
bookmarks.

:param values: ASCII string values (raw bookmarks)
:type values: Iterable[str]",Create a Bookmarks object from a list of raw bookmark string values.,"def from_raw_values(cls, values):
","```python
def from_raw_values(cls, values):
    """"""
    Crear un objeto Bookmarks a partir de una lista de valores de marcadores en formato de cadena sin procesar.

    No deberías necesitar usar este método a menos que desees deserializar
    marcadores.

    :param values: Valores de cadenas ASCII (marcadores sin procesar)
    :type values: Iterable[str]
    """"""
```","def from_raw_values(cls, values):
""""""
    Crear un objeto ""Bookmarks"" a partir de una lista de valores de marcadores en formato de cadena sin procesar.

    No deberías necesitar usar este método a menos que desees deserializar marcadores.

    :param values: Valores de cadenas ASCII (marcadores sin procesar)
    :type values: Iterable[str]
""""""","['RemoveProgrammingLanguageContext', 'RemoveEnrichedTextAdditions', 'AddQuotesForEnglishWordsInText', 'RemoveExtraSpaces']","def from_raw_values(cls, values):
    """"""
    Crear un objeto ""Bookmarks"" a partir de una lista de valores de marcadores en formato de cadena sin procesar.

    No deberías necesitar usar este método a menos que desees deserializar marcadores.

    :param values: Valores de cadenas ASCII (marcadores sin procesar)
    :type values: Iterable[str]
    """"""
    bookmarks = []
    for value in values:
        # Suponiendo que cada valor es una cadena que representa un marcador
        # Aquí se puede agregar lógica para procesar cada valor según sea necesario
        bookmarks.append(value.strip())  # Eliminar espacios en blanco
    return cls(bookmarks)"
62b87b199a0c4fa8b80b354c,"def _get_seq_with_type(seq, bufsize=None):

Return a (sequence, type) pair.
Sequence is derived from *seq*
(or is *seq*, if that is of a sequence type).","Return a (sequence, type) pair.
Sequence is derived from *seq*
(or is *seq*, if that is of a sequence type).","def _get_seq_with_type(seq, bufsize=None):
","```python
def _get_seq_with_type(seq, bufsize=None):

Devuelve un par (secuencia, tipo).
La secuencia se deriva de *seq*
(o es *seq*, si este es de un tipo de secuencia).
```","def _get_seq_with_type(seq, bufsize=None):
""""""
Devuelve un par (secuencia, tipo).
La secuencia se deriva de *seq*
(o es *seq*, si este es de un tipo de secuencia).
""""""",['RemoveProgrammingLanguageContext'],"def _get_seq_with_type(seq, bufsize=None):
    """"""
    Devuelve un par (secuencia, tipo).
    La secuencia se deriva de *seq*
    (o es *seq*, si este es de un tipo de secuencia).
    """"""
    if isinstance(seq, (list, tuple, set, dict)):
        return (seq, type(seq))
    else:
        return (seq, type(seq))"
62b87b4f9a0c4fa8b80b3581,"def scale(self, other=None, recompute=False):

Compute or set scale (integral of the histogram).

If *other* is ``None``, return scale of this histogram.
If its scale was not computed before,
it is computed and stored for subsequent use
(unless explicitly asked to *recompute*).
Note that after changing (filling) the histogram
one must explicitly recompute the scale
if it was computed before.

If a float *other* is provided, rescale self to *other*.

Histograms with scale equal to zero can't be rescaled.
:exc:`.LenaValueError` is raised if one tries to do that.","Compute or set scale (integral of the histogram).

If *other* is ``None``, return scale of this histogram.
If its scale was not computed before,
it is computed and stored for subsequent use
(unless explicitly asked to *recompute*).
Note that after changing (filling) the histogram
one must explicitly recompute the scale
if it was computed before.

If a float *other* is provided, rescale self to *other*.

Histograms with scale equal to zero can't be rescaled.
:exc:`.LenaValueError` is raised if one tries to do that.","def scale(self, other=None, recompute=False):
","```python
def scale(self, other=None, recompute=False):
```

Calcular o establecer la escala (integral del histograma).

Si *other* es ``None``, devuelve la escala de este histograma.
Si su escala no se había calculado antes,
se calcula y se almacena para uso posterior
(a menos que se solicite explícitamente *recalcular*).
Tenga en cuenta que después de modificar (rellenar) el histograma,
es necesario recalcular explícitamente la escala
si ya se había calculado previamente.

Si se proporciona un valor flotante *other*, se reescala el histograma actual (*self*) a *other*.

Los histogramas con una escala igual a cero no pueden ser reescalados.
Se lanza la excepción :exc:`.LenaValueError` si se intenta hacer esto.","def scale(self, other=None, recompute=False):
""""""
Calcular o establecer la escala (integral del histograma).

Si *other* es ``None``, devuelve la escala de este histograma.
Si su escala no se había calculado antes,
se calcula y se almacena para uso posterior
(a menos que se solicite explícitamente *recalcular*).
Tenga en cuenta que después de modificar (rellenar) el histograma,
es necesario recalcular explícitamente la escala
si ya se había calculado previamente.

Si se proporciona un valor flotante *other*, se reescala el histograma actual (*self*) a *other*.

Los histogramas con una escala igual a cero no pueden ser reescalados.
Se lanza la excepción :exc:`.LenaValueError` si se intenta hacer esto.
""""""",[''],"def scale(self, other=None, recompute=False):
    """"""
    Calcular o establecer la escala (integral del histograma).

    Si *other* es ``None``, devuelve la escala de este histograma.
    Si su escala no se había calculado antes,
    se calcula y se almacena para uso posterior
    (a menos que se solicite explícitamente *recalcular*).
    Tenga en cuenta que después de modificar (rellenar) el histograma,
    es necesario recalcular explícitamente la escala
    si ya se había calculado previamente.

    Si se proporciona un valor flotante *other*, se reescala el histograma actual (*self*).

    Los histogramas con una escala igual a cero no pueden ser reescalados.
    Se lanza la excepción :exc:`.LenaValueError` si se intenta hacer esto.
    """"""
    if other is None:
        if not hasattr(self, 'scale_value') or recompute:
            self.scale_value = sum(self.histogram)  # Assuming self.histogram is a list of counts
        return self.scale_value
    else:
        if self.scale_value == 0:
            raise LenaValueError(""Cannot rescale a histogram with a scale of zero."")
        scaling_factor = other / self.scale_value
        self.histogram = [count * scaling_factor for count in self.histogram]
        self.scale_value = other"
62b87b519a0c4fa8b80b3583,"def scale(self, other=None):

Get or set the scale of the graph.

If *other* is ``None``, return the scale of this graph.

If a numeric *other* is provided, rescale to that value.
If the graph has unknown or zero scale,
rescaling that will raise :exc:`~.LenaValueError`.

To get meaningful results, graph's fields are used.
Only the last coordinate is rescaled.
For example, if the graph has *x* and *y* coordinates,
then *y* will be rescaled, and for a 3-dimensional graph
*z* will be rescaled.
All errors are rescaled together with their coordinate.","Get or set the scale of the graph.

If *other* is ``None``, return the scale of this graph.

If a numeric *other* is provided, rescale to that value.
If the graph has unknown or zero scale,
rescaling that will raise :exc:`~.LenaValueError`.

To get meaningful results, graph's fields are used.
Only the last coordinate is rescaled.
For example, if the graph has *x* and *y* coordinates,
then *y* will be rescaled, and for a 3-dimensional graph
*z* will be rescaled.
All errors are rescaled together with their coordinate.","def scale(self, other=None):
","```python
def scale(self, other=None):
```

Obtiene o establece la escala del gráfico.

Si *other* es ``None``, devuelve la escala de este gráfico.

Si se proporciona un valor numérico en *other*, se reajusta la escala a ese valor.  
Si el gráfico tiene una escala desconocida o igual a cero,  
intentar reajustar la escala generará una excepción :exc:`~.LenaValueError`.

Para obtener resultados significativos, se utilizan los campos del gráfico.  
Solo se reajusta la última coordenada.  
Por ejemplo, si el gráfico tiene coordenadas *x* e *y*,  
entonces se reajustará *y*, y para un gráfico tridimensional  
se reajustará *z*.  
Todos los errores se reajustan junto con su coordenada.","def scale(self, other=None):
""""""
Obtiene o establece la escala del gráfico.

Si *other* es ``None``, devuelve la escala de este gráfico.

Si se proporciona un valor numérico en *other*, se reajusta la escala a ese valor.  
Si el gráfico tiene una escala desconocida o igual a cero,  
intentar reajustar la escala generará una excepción :exc:`~.LenaValueError`.

Para obtener resultados significativos, se utilizan los campos del gráfico.  
Solo se reajusta la última coordenada.  
Por ejemplo, si el gráfico tiene coordenadas *x* e *y*,  
entonces se reajustará *y*, y para un gráfico tridimensional  
se reajustará *z*.  
Todos los errores se reajustan junto con su coordenada.
""""""",['RemoveProgrammingLanguageContext'],"def scale(self, other=None):
    """"""
    Obtiene o establece la escala del gráfico.

    Si *other* es ``None``, devuelve la escala de este gráfico.

    Si se proporciona un valor numérico en *other*, se reajusta la escala a ese valor.  
    Si el gráfico tiene una escala desconocida o igual a cero,  
    intentar reajustar la escala generará una excepción :exc:`~.LenaValueError`.

    Para obtener resultados significativos, se utilizan los campos del gráfico.  
    Solo se reajusta la última coordenada.  
    Por ejemplo, si el gráfico tiene coordenadas *x* e *y*,  
    entonces se reajustará *y*, y para un gráfico tridimensional  
    se reajustará *z*.  
    Todos los errores se reajustan junto con su coordenada.
    """"""
    if other is None:
        return self._scale  # Assuming _scale is an attribute holding the current scale

    if not isinstance(other, (int, float)):
        raise ValueError(""El valor de 'other' debe ser un número."")

    if self._scale is None or self._scale == 0:
        raise LenaValueError(""La escala es desconocida o igual a cero."")

    # Assuming the last coordinate is stored in a specific attribute
    self._scale[-1] = other  # Reajustar la última coordenada
    # Reajustar todos los errores asociados
    self._errors[-1] *= (other / self._scale[-1])  # Ajustar errores en consecuencia"
62b87b869a0c4fa8b80b35e1,"def hist_to_graph(hist, make_value=None, get_coordinate=""left"",
                  field_names=(""x"", ""y""), scale=None):

Convert a :class:`.histogram` to a :class:`.graph`.

*make_value* is a function to set the value of a graph's point.
By default it is bin content.
*make_value* accepts a single value (bin content) without context.

This option could be used to create graph's error bars.
For example, to create a graph with errors
from a histogram where bins contain
a named tuple with fields *mean*, *mean_error* and a context
one could use

>>> make_value = lambda bin_: (bin_.mean, bin_.mean_error)

*get_coordinate* defines what the coordinate
of a graph point created from a histogram bin will be.
It can be ""left"" (default), ""right"" and ""middle"".

*field_names* set field names of the graph. Their number
must be the same as the dimension of the result.
For a *make_value* above they would be
*(""x"", ""y_mean"", ""y_mean_error"")*.

*scale* becomes the graph's scale (unknown by default).
If it is ``True``, it uses the histogram scale.

*hist* must contain only numeric bins (without context)
or *make_value* must remove context when creating a numeric graph.

Return the resulting graph.","Convert a :class:`.histogram` to a :class:`.graph`.

*make_value* is a function to set the value of a graph's point.
By default it is bin content.
*make_value* accepts a single value (bin content) without context.

This option could be used to create graph's error bars.
For example, to create a graph with errors
from a histogram where bins contain
a named tuple with fields *mean*, *mean_error* and a context
one could use

>>> make_value = lambda bin_: (bin_.mean, bin_.mean_error)

*get_coordinate* defines what the coordinate
of a graph point created from a histogram bin will be.
It can be ""left"" (default), ""right"" and ""middle"".

*field_names* set field names of the graph. Their number
must be the same as the dimension of the result.
For a *make_value* above they would be
*(""x"", ""y_mean"", ""y_mean_error"")*.

*scale* becomes the graph's scale (unknown by default).
If it is ``True``, it uses the histogram scale.

*hist* must contain only numeric bins (without context)
or *make_value* must remove context when creating a numeric graph.

Return the resulting graph.","def hist_to_graph(hist, make_value=None, get_coordinate=""left"",
                  field_names=(""x"", ""y""), scale=None):
","```python
def hist_to_graph(hist, make_value=None, get_coordinate=""left"",
                  field_names=(""x"", ""y""), scale=None):

Convierte un :class:`.histogram` en un :class:`.graph`.

*make_value* es una función para establecer el valor de un punto en el gráfico.
Por defecto, este valor es el contenido del bin.
*make_value* acepta un único valor (el contenido del bin) sin contexto.

Esta opción puede ser utilizada para crear barras de error en el gráfico.
Por ejemplo, para crear un gráfico con errores a partir de un histograma
donde los bins contienen una tupla nombrada con los campos *mean*, *mean_error* y un contexto,
se podría usar:

>>> make_value = lambda bin_: (bin_.mean, bin_.mean_error)

*get_coordinate* define cuál será la coordenada de un punto en el gráfico
creado a partir de un bin del histograma. Puede ser ""left"" (por defecto), ""right"" o ""middle"".

*field_names* establece los nombres de los campos del gráfico. Su número
debe coincidir con la dimensión del resultado.
Para un *make_value* como el anterior, los nombres serían
*(""x"", ""y_mean"", ""y_mean_error"")*.

*scale* define la escala del gráfico (desconocida por defecto).
Si es ``True``, utiliza la escala del histograma.

*hist* debe contener únicamente bins numéricos (sin contexto)
o *make_value* debe eliminar el contexto al crear un gráfico numérico.

Devuelve el gráfico resultante.
```","def hist_to_graph(hist, make_value=None, get_coordinate=""left"",
                  field_names=(""x"", ""y""), scale=None):
""""""
Convierte un :class:`.histogram` en un :class:`.graph`.

*make_value* es una función para establecer el valor de un punto en el gráfico.
Por defecto, este valor es el contenido del bin.
*make_value* acepta un único valor (el contenido del bin) sin contexto.

Esta opción puede ser utilizada para crear barras de error en el gráfico.
Por ejemplo, para crear un gráfico con errores a partir de un histograma
donde los bins contienen una tupla nombrada con los campos *mean*, *mean_error* y un contexto,
se podría usar:

>>> make_value = lambda bin_: (bin_.mean, bin_.mean_error)

*get_coordinate* define cuál será la coordenada de un punto en el gráfico
creado a partir de un bin del histograma. Puede ser ""left"" (por defecto), ""right"" o ""middle"".

*field_names* establece los nombres de los campos del gráfico. Su número
debe coincidir con la dimensión del resultado.
Para un *make_value* como el anterior, los nombres serían
*(""x"", ""y_mean"", ""y_mean_error"")*.

*scale* define la escala del gráfico (desconocida por defecto).
Si es ``True``, utiliza la escala del histograma.

*hist* debe contener únicamente bins numéricos (sin contexto)
o *make_value* debe eliminar el contexto al crear un gráfico numérico.

Devuelve el gráfico resultante.
""""""",['RemoveProgrammingLanguageContext'],"def hist_to_graph(hist, make_value=None, get_coordinate=""left"",
                  field_names=(""x"", ""y""), scale=None):
    """"""
    Convierte un :class:`.histogram` en un :class:`.graph`.

    *make_value* es una función para establecer el valor de un punto en el gráfico.
    Por defecto, este valor es el contenido del bin.
    *make_value* acepta un único valor (el contenido del bin) sin contexto.

    Esta opción puede ser utilizada para crear barras de error en el gráfico.
    Por ejemplo, para crear un gráfico con errores a partir de un histograma
    donde los bins contienen una tupla nombrada con los campos *mean*, *mean_error* y un contexto,
    se podría usar:

    >>> make_value = lambda bin_: (bin_.mean, bin_.mean_error)

    *get_coordinate* define cuál será la coordenada de un punto en el gráfico
    creado a partir de un bin del histograma. Puede ser ""left"" (por defecto), ""right"" o ""middle"".

    *field_names* establece los nombres de los campos del gráfico. Su número
    debe coincidir con la dimensión del resultado.
    Para un *make_value* como el anterior, los nombres serían
    *(""x"", ""y_mean"", ""y_mean_error"")*.

    *scale* define la escala del gráfico (desconocida por defecto).
    Si es ``True``, utiliza la escala del histograma.

    *hist* debe contener únicamente bins numéricos (sin contexto)
    o *make_value* debe eliminar el contexto al crear un gráfico numérico.

    Devuelve el gráfico resultante.
    """"""
    if make_value is None:
        make_value = lambda bin_: bin_

    coordinates = []
    for bin_ in hist:
        if get_coordinate == ""left"":
            coordinate = bin_.left
        elif get_coordinate == ""right"":
            coordinate = bin_.right
        elif get_coordinate == ""middle"":
            coordinate = bin_.center
        else:
            raise ValueError(""get_coordinate must be 'left', 'right', or 'middle'."")

        value = make_value(bin_)
        coordinates.append((coordinate, *value))

    if scale is True:
        # Implement scaling logic based on histogram if needed
        pass

    graph = {field: [] for field in field_names}
    for coord in coordinates:
        for i, field in enumerate(field_names):
            graph[field].append(coord[i])

    return graph"
62b8b4baeb7e40a82d2d1136,"def _verify(iface, candidate, tentative=False, vtype=None):

Verify that *candidate* might correctly provide *iface*.

This involves:

- Making sure the candidate claims that it provides the
  interface using ``iface.providedBy`` (unless *tentative* is `True`,
  in which case this step is skipped). This means that the candidate's class
  declares that it `implements <zope.interface.implementer>` the interface,
  or the candidate itself declares that it `provides <zope.interface.provider>`
  the interface

- Making sure the candidate defines all the necessary methods

- Making sure the methods have the correct signature (to the
  extent possible)

- Making sure the candidate defines all the necessary attributes

:return bool: Returns a true value if everything that could be
   checked passed.
:raises zope.interface.Invalid: If any of the previous
   conditions does not hold.

.. versionchanged:: 5.0
    If multiple methods or attributes are invalid, all such errors
    are collected and reported. Previously, only the first error was reported.
    As a special case, if only one such error is present, it is raised
    alone, like before.","Verify that *candidate* might correctly provide *iface*.

This involves:

- Making sure the candidate claims that it provides the
  interface using ``iface.providedBy`` (unless *tentative* is `True`,
  in which case this step is skipped). This means that the candidate's class
  declares that it `implements <zope.interface.implementer>` the interface,
  or the candidate itself declares that it `provides <zope.interface.provider>`
  the interface

- Making sure the candidate defines all the necessary methods

- Making sure the methods have the correct signature (to the
  extent possible)

- Making sure the candidate defines all the necessary attributes

:return bool: Returns a true value if everything that could be
   checked passed.
:raises zope.interface.Invalid: If any of the previous
   conditions does not hold.

.. versionchanged:: 5.0
    If multiple methods or attributes are invalid, all such errors
    are collected and reported. Previously, only the first error was reported.
    As a special case, if only one such error is present, it is raised
    alone, like before.","def _verify(iface, candidate, tentative=False, vtype=None):
","```python
def _verify(iface, candidate, tentative=False, vtype=None):
    """"""
    Verifica que *candidate* pueda proporcionar correctamente *iface*.

    Esto implica:

    - Asegurarse de que el candidato afirme que proporciona la
      interfaz utilizando ``iface.providedBy`` (a menos que *tentative* sea `True`,
      en cuyo caso este paso se omite). Esto significa que la clase del candidato
      declara que `implementa <zope.interface.implementer>` la interfaz,
      o que el propio candidato declara que `proporciona <zope.interface.provider>`
      la interfaz.

    - Asegurarse de que el candidato defina todos los métodos necesarios.

    - Asegurarse de que los métodos tengan la firma correcta (en la
      medida de lo posible).

    - Asegurarse de que el candidato defina todos los atributos necesarios.

    :return bool: Devuelve un valor verdadero si todo lo que se pudo
       verificar pasó.
    :raises zope.interface.Invalid: Si alguna de las condiciones anteriores
       no se cumple.

    .. versionchanged:: 5.0
        Si múltiples métodos o atributos son inválidos, todos esos errores
        se recopilan y se informan. Anteriormente, solo se informaba el primer error.
        Como caso especial, si solo hay un error presente, se lanza
        de forma individual, como antes.
    """"""
```","def _verify(iface, candidate, tentative=False, vtype=None):
""""""
    Verifica que *candidate* pueda proporcionar correctamente *iface*.

    Esto implica:

    - Asegurarse de que el candidato afirme que proporciona la
      interfaz utilizando ``iface.providedBy`` (a menos que *tentative* sea `True`,
      en cuyo caso este paso se omite). Esto significa que la clase del candidato
      declara que `implementa <zope.interface.implementer>` la interfaz,
      o que el propio candidato declara que `proporciona <zope.interface.provider>`
      la interfaz.

    - Asegurarse de que el candidato defina todos los métodos necesarios.

    - Asegurarse de que los métodos tengan la firma correcta (en la
      medida de lo posible).

    - Asegurarse de que el candidato defina todos los atributos necesarios.

    :return bool: Devuelve un valor verdadero si todo lo que se pudo
       verificar pasó.
    :raises zope.interface.Invalid: Si alguna de las condiciones anteriores
       no se cumple.

    .. versionchanged:: 5.0
        Si múltiples métodos o atributos son inválidos, todos esos errores
        se recopilan y se informan. Anteriormente, solo se informaba el primer error.
        Como caso especial, si solo hay un error presente, se lanza
        de forma individual, como antes.
""""""","['RemoveProgrammingLanguageContext', 'RemoveEnrichedTextAdditions', '']","def _verify(iface, candidate, tentative=False, vtype=None):
    """"""
    Verifica que *candidate* pueda proporcionar correctamente *iface*.

    Esto implica:

    - Asegurarse de que el candidato afirme que proporciona la
      interfaz utilizando ``iface.providedBy`` (a menos que *tentative* sea `True`,
      en cuyo caso este paso se omite). Esto significa que la clase del candidato
      declara que `implementa <zope.interface.implementer>` la interfaz,
      o que el propio candidato declara que `proporciona <zope.interface.provider>`
      la interfaz.

    - Asegurarse de que el candidato defina todos los métodos necesarios.

    - Asegurarse de que los métodos tengan la firma correcta (en la
      medida de lo posible).

    - Asegurarse de que el candidato defina todos los atributos necesarios.

    :return bool: Devuelve un valor verdadero si todo lo que se pudo
       verificar pasó.
    :raises zope.interface.Invalid: Si alguna de las condiciones anteriores
       no se cumple.

    .. versionchanged:: 5.0
        Si múltiples métodos o atributos son inválidos, todos esos errores
        se recopilan y se informan. Anteriormente, solo se informaba el primer error.
        Como caso especial, si solo hay un error presente, se lanza
        de forma individual, como antes.
    """"""
    from zope.interface import providedBy, Invalid
    from inspect import signature, isfunction

    errors = []

    if not tentative and not providedBy(candidate, iface):
        errors.append(f""{candidate} does not provide {iface}"")

    required_methods = iface.names()
    for method_name in required_methods:
        if method_name not in candidate.__dict__:
            errors.append(f""{candidate} is missing method {method_name}"")
            continue
        
        method = candidate.__dict__[method_name]
        if not isfunction(method):
            errors.append(f""{method_name} in {candidate} is not a function"")
            continue
        
        # Check method signature
        iface_method = iface.lookup(method_name)
        if signature(method) != signature(iface_method):
            errors.append(f""Method {method_name} in {candidate} has incorrect signature"")

    required_attributes = iface.attributes()
    for attr_name in required_attributes:
        if not hasattr(candidate, attr_name):
            errors.append(f""{candidate} is missing attribute {attr_name}"")

    if errors:
        if len(errors) == 1:
            raise Invalid(errors[0])
        else:
            raise Invalid(errors)

    return True"
62b8b4baeb7e40a82d2d1137,"def verifyObject(iface, candidate, tentative=False):

Verify that *candidate* might correctly provide *iface*.

This involves:

- Making sure the candidate claims that it provides the
  interface using ``iface.providedBy`` (unless *tentative* is `True`,
  in which case this step is skipped). This means that the candidate's class
  declares that it `implements <zope.interface.implementer>` the interface,
  or the candidate itself declares that it `provides <zope.interface.provider>`
  the interface

- Making sure the candidate defines all the necessary methods

- Making sure the methods have the correct signature (to the
  extent possible)

- Making sure the candidate defines all the necessary attributes

:return bool: Returns a true value if everything that could be
   checked passed.
:raises zope.interface.Invalid: If any of the previous
   conditions does not hold.

.. versionchanged:: 5.0
    If multiple methods or attributes are invalid, all such errors
    are collected and reported. Previously, only the first error was reported.
    As a special case, if only one such error is present, it is raised
    alone, like before.","Verify that *candidate* might correctly provide *iface*.

This involves:

- Making sure the candidate claims that it provides the
  interface using ``iface.providedBy`` (unless *tentative* is `True`,
  in which case this step is skipped). This means that the candidate's class
  declares that it `implements <zope.interface.implementer>` the interface,
  or the candidate itself declares that it `provides <zope.interface.provider>`
  the interface

- Making sure the candidate defines all the necessary methods

- Making sure the methods have the correct signature (to the
  extent possible)

- Making sure the candidate defines all the necessary attributes

:return bool: Returns a true value if everything that could be
   checked passed.
:raises zope.interface.Invalid: If any of the previous
   conditions does not hold.

.. versionchanged:: 5.0
    If multiple methods or attributes are invalid, all such errors
    are collected and reported. Previously, only the first error was reported.
    As a special case, if only one such error is present, it is raised
    alone, like before.","def verifyObject(iface, candidate, tentative=False):
","```python
def verifyObject(iface, candidate, tentative=False):
```

Verifica que el *candidate* pueda proporcionar correctamente la interfaz *iface*.

Esto implica:

- Asegurarse de que el candidato afirma que proporciona la interfaz utilizando ``iface.providedBy`` (a menos que *tentative* sea `True`, en cuyo caso este paso se omite). Esto significa que la clase del candidato declara que `implementa <zope.interface.implementer>` la interfaz, o que el propio candidato declara que `proporciona <zope.interface.provider>` la interfaz.

- Asegurarse de que el candidato define todos los métodos necesarios.

- Asegurarse de que los métodos tienen la firma correcta (en la medida de lo posible).

- Asegurarse de que el candidato define todos los atributos necesarios.

:return bool: Devuelve un valor verdadero si todo lo que se pudo verificar pasó correctamente.
:raises zope.interface.Invalid: Si alguna de las condiciones anteriores no se cumple.

.. versionchanged:: 5.0  
    Si múltiples métodos o atributos son inválidos, todos esos errores se recopilan y se informan. Anteriormente, solo se informaba el primer error. Como caso especial, si solo hay un error presente, este se lanza de forma individual, como antes.
```","def verifyObject(iface, candidate, tentative=False):
""""""
Verifica que el *candidate* pueda proporcionar correctamente la interfaz *iface*.

Esto implica:

- Asegurarse de que el candidato afirma que proporciona la interfaz utilizando ``iface.providedBy`` (a menos que *tentative* sea `True`, en cuyo caso este paso se omite). Esto significa que la clase del candidato declara que `implementa <zope.interface.implementer>` la interfaz, o que el propio candidato declara que `proporciona <zope.interface.provider>` la interfaz.

- Asegurarse de que el candidato define todos los métodos necesarios.

- Asegurarse de que los métodos tienen la firma correcta (en la medida de lo posible).

- Asegurarse de que el candidato define todos los atributos necesarios.

:return bool: Devuelve un valor verdadero si todo lo que se pudo verificar pasó correctamente.
:raises zope.interface.Invalid: Si alguna de las condiciones anteriores no se cumple.

.. versionchanged:: 5.0  
    Si múltiples métodos o atributos son inválidos, todos esos errores se recopilan y se informan. Anteriormente, solo se informaba el primer error. Como caso especial, si solo hay un error presente, este se lanza de forma individual, como antes.
""""""",['RemoveProgrammingLanguageContext'],"def verifyObject(iface, candidate, tentative=False):
    """"""
    Verifica que el *candidate* pueda proporcionar correctamente la interfaz *iface*.

    Esto implica:

    - Asegurarse de que el candidato afirma que proporciona la interfaz utilizando ``iface.providedBy`` (a menos que *tentative* sea `True`, en cuyo caso este paso se omite). Esto significa que la clase del candidato declara que `implementa <zope.interface.implementer>` la interfaz, o que el propio candidato declara que `proporciona <zope.interface.provider>` la interfaz.

    - Asegurarse de que el candidato define todos los métodos necesarios.

    - Asegurarse de que los métodos tienen la firma correcta (en la medida de lo posible).

    - Asegurarse de que el candidato define todos los atributos necesarios.

    :return bool: Devuelve un valor verdadero si todo lo que se pudo verificar pasó correctamente.
    :raises zope.interface.Invalid: Si alguna de las condiciones anteriores no se cumple.

    .. versionchanged:: 5.0  
        Si múltiples métodos o atributos son inválidos, todos esos errores se recopilan y se informan. Anteriormente, solo se informaba el primer error. Como caso especial, si solo hay un error presente, este se lanza de forma individual, como antes.
    """"""
    from zope.interface import providedBy, Invalid
    from inspect import signature, Parameter

    errors = []

    if not tentative and not providedBy(candidate).isOrExtends(iface):
        errors.append(f""{candidate} does not provide {iface}"")

    required_methods = iface.names()
    for method_name, method in required_methods.items():
        if not hasattr(candidate, method_name):
            errors.append(f""{candidate} is missing method {method_name}"")
            continue
        
        candidate_method = getattr(candidate, method_name)
        iface_signature = signature(method)
        candidate_signature = signature(candidate_method)

        if len(iface_signature.parameters) != len(candidate_signature.parameters):
            errors.append(f""{method_name} has incorrect number of parameters in {candidate}"")
            continue

        for param in iface_signature.parameters.values():
            if param.default is Parameter.empty and param.name not in candidate_signature.parameters:
                errors.append(f""{method_name} is missing required parameter {param.name} in {candidate}"")

    required_attributes = iface.names()
    for attr_name in required_attributes:
        if not hasattr(candidate, attr_name):
            errors.append(f""{candidate} is missing attribute {attr_name}"")

    if errors:
        raise Invalid(errors)

    return True"
62b8b4c1eb7e40a82d2d1139,"def verifyClass(iface, candidate, tentative=False):

Verify that the *candidate* might correctly provide *iface*.",Verify that the *candidate* might correctly provide *iface*.,"def verifyClass(iface, candidate, tentative=False):
","```python
def verifyClass(iface, candidate, tentative=False):

Verifica que el *candidate* pueda proporcionar correctamente *iface*.
```","def verifyClass(iface, candidate, tentative=False):
""""""
Verifica que el *candidate* pueda proporcionar correctamente *iface*.
""""""",['RemoveProgrammingLanguageContext'],"def verifyClass(iface, candidate, tentative=False):
    """"""
    Verifica que el *candidate* pueda proporcionar correctamente *iface*.
    """"""
    if tentative:
        return issubclass(candidate, iface) or (hasattr(candidate, '__bases__') and any(issubclass(base, iface) for base in candidate.__bases__))
    return issubclass(candidate, iface)"
62b8b559eb7e40a82d2d11f6,"def determineMetaclass(bases, explicit_mc=None):

Determine metaclass from 1+ bases and optional explicit __metaclass__",Determine metaclass from 1+ bases and optional explicit __metaclass__,"def determineMetaclass(bases, explicit_mc=None):
","```python
def determineMetaclass(bases, explicit_mc=None):
    """"""
    Determina la metaclase a partir de una o más clases base y un __metaclass__ explícito opcional.
    """"""
```

Traducción:
""Determina la metaclase a partir de una o más bases y un __metaclass__ explícito opcional.""","def determineMetaclass(bases, explicit_mc=None):
""""""
    Determina la metaclase a partir de una o más clases base y un __metaclass__ explícito opcional.
""""""","['RemoveProgrammingLanguageContext', 'RemoveEnrichedTextAdditions', 'RemovePromptAdditionalText']","def determineMetaclass(bases, explicit_mc=None):
    """"""
    Determina la metaclase a partir de una o más clases base y un __metaclass__ explícito opcional.
    """"""
    if explicit_mc is not None:
        return explicit_mc

    metaclasses = [type(base) for base in bases]
    if not metaclasses:
        return type

    metaclass = metaclasses[0]
    for mc in metaclasses[1:]:
        if not issubclass(mc, metaclass):
            metaclass = type('CombinedMeta', (metaclass, mc), {})
    
    return metaclass"
62b8d22a48ba5a41d1c3f47d,"def pop(self, key, default=__marker):

D.pop(k[,d]) -> v, remove specified key and return the corresponding value.
If key is not found, d is returned if given, otherwise KeyError is raised.","D.pop(k[,d]) -> v, remove specified key and return the corresponding value.
If key is not found, d is returned if given, otherwise KeyError is raised.","def pop(self, key, default=__marker):
","```python
def pop(self, key, default=__marker):

D.pop(k[,d]) -> v, elimina la clave especificada y devuelve el valor correspondiente.
Si la clave no se encuentra, se devuelve `d` si se proporciona; de lo contrario, se genera una excepción KeyError.
```","def pop(self, key, default=__marker):
""""""
D.pop(k[,d]) -> v, elimina la clave especificada y devuelve el valor correspondiente.
Si la clave no se encuentra, se devuelve `d` si se proporciona; de lo contrario, se genera una excepción KeyError.
""""""",['RemoveProgrammingLanguageContext'],"def pop(self, key, default=__marker):
    """"""
    D.pop(k[,d]) -> v, elimina la clave especificada y devuelve el valor correspondiente.
    Si la clave no se encuentra, se devuelve `d` si se proporciona; de lo contrario, se genera una excepción KeyError.
    """"""
    if key in self:
        value = self[key]
        del self[key]
        return value
    elif default is not self.__marker:
        return default
    else:
        raise KeyError(f'Key {key} not found.')"
62b8d23748ba5a41d1c3f497,"def popitem(self):

Remove and return the `(key, value)` pair least frequently used.","Remove and return the `(key, value)` pair least frequently used.","def popitem(self):
","```python
def popitem(self):
    """"""
    Elimina y devuelve el par `(clave, valor)` menos utilizado con mayor frecuencia.
    """"""
```","def popitem(self):
""""""
    Elimina y devuelve el par (clave, valor) menos utilizado con mayor frecuencia.
""""""","['RemoveProgrammingLanguageContext', 'RemoveEnrichedTextAdditions', 'RemoveQuotesForTranslatedWordsInText']","def popitem(self):
    """"""
    Elimina y devuelve el par (clave, valor) menos utilizado con mayor frecuencia.
    """"""
    if not self.data:
        raise KeyError(""popitem(): dictionary is empty"")
    
    # Find the least frequently used item
    least_used_key = min(self.usage_count, key=self.usage_count.get)
    
    # Remove the item from the data and usage count
    value = self.data.pop(least_used_key)
    del self.usage_count[least_used_key]
    
    return least_used_key, value"
62b8d23a48ba5a41d1c3f499,"def popitem(self):

Remove and return the `(key, value)` pair least recently used.","Remove and return the `(key, value)` pair least recently used.","def popitem(self):
","```python
def popitem(self):
    """"""
    Elimina y devuelve el par `(clave, valor)` menos recientemente utilizado.
    """"""
```","def popitem(self):
""""""
    Elimina y devuelve el par (clave, valor) menos recientemente utilizado.
""""""","['RemoveProgrammingLanguageContext', 'RemoveEnrichedTextAdditions', 'RemoveQuotesForTranslatedWordsInText']","def popitem(self):
    """"""
    Elimina y devuelve el par (clave, valor) menos recientemente utilizado.
    """"""
    if not self.data:
        raise KeyError(""popitem(): dictionary is empty"")
    
    # Find the least recently used item
    lru_key = next(iter(self.data))
    lru_value = self.data[lru_key]
    
    # Remove the item from the dictionary
    del self.data[lru_key]
    
    return (lru_key, lru_value)"
62b8d23c48ba5a41d1c3f49b,"""Remove and return the (key, value) pair most recently used.
def popitem(self):

Remove and return the `(key, value)` pair most recently used.","""Remove and return the (key, value) pair most recently used.","def popitem(self):
","""Eliminar y devolver el par (clave, valor) más recientemente utilizado.  
def popitem(self):  

Eliminar y devolver el par `(clave, valor)` más recientemente utilizado.""","  def popitem(self):
""""""
Eliminar y devolver el par (clave, valor) más recientemente utilizado.
""""""",['RemoveRepeatedPrompText'],"def popitem(self):
    """"""
    Eliminar y devolver el par (clave, valor) más recientemente utilizado.
    """"""
    if not self.data:
        raise KeyError(""popitem(): dictionary is empty"")
    key, value = self.data.popitem()
    return key, value"
62b8d23e48ba5a41d1c3f49e,"Find, remove and return a random `(key, value)` pair via __choice in the class
def popitem(self):

Remove and return a random `(key, value)` pair.","Find, remove and return a random `(key, value)` pair via __choice in the class","def popitem(self):
","Encontrar, eliminar y devolver un par `(clave, valor)` aleatorio mediante __choice en la clase  
def popitem(self):  

Eliminar y devolver un par `(clave, valor)` aleatorio."," def popitem(self):
""""""
Encontrar, eliminar y devolver un par (clave, valor) aleatorio mediante __choice en la clase 
""""""","['RemoveQuotesForTranslatedWordsInText', 'RemoveRepeatedPrompText']","def popitem(self):
    """"""
    Encontrar, eliminar y devolver un par (clave, valor) aleatorio mediante __choice en la clase 
    """"""
    import random
    if not self:
        raise KeyError(""popitem(): dictionary is empty"")
    key = random.choice(list(self.keys()))
    value = self.pop(key)
    return key, value"
62b43425903eeb48555d3ea1,"def _create_in_regex(self) -> Pattern:

Create the in-style parameter regular expression.

Returns the in-style parameter regular expression (:class:`re.Pattern`).","Create the in-style parameter regular expression.

Returns the in-style parameter regular expression (:class:`re.Pattern`).","def _create_in_regex(self) -> Pattern:
","```python
def _create_in_regex(self) -> Pattern:
    """"""
    Crear la expresión regular para el parámetro de estilo ""in"".

    Devuelve la expresión regular para el parámetro de estilo ""in"" (:class:`re.Pattern`).
    """"""
```","def _create_in_regex(self) -> Pattern:
""""""
Crea la expresión regular del parámetro ""in-style"".

    Devuelve la expresión regular para el parámetro ""in-style"" (:class:`re.Pattern`).
""""""","['RemoveProgrammingLanguageContext', 'FixTranslation', 'RemoveEnrichedTextAdditions']","import re
from re import Pattern

def _create_in_regex(self) -> Pattern:
    """"""
    Crea la expresión regular del parámetro ""in-style"".

        Devuelve la expresión regular para el parámetro ""in-style"" (:class:`re.Pattern`).
    """"""
    # Definición de la expresión regular para ""in-style""
    regex_pattern = r'in-style\(\s*([^,]+)\s*,\s*([^,]+)\s*\)'
    return re.compile(regex_pattern)"
62b43426903eeb48555d3ea2,"def _create_converter(self) -> _converting._Converter:

Create the parameter style converter.

Returns the parameter style converter (:class:`._converting._Converter`).","Create the parameter style converter.

Returns the parameter style converter (:class:`._converting._Converter`).","def _create_converter(self) -> _converting._Converter:
","def _create_converter(self) -> _converting._Converter:

Crear el convertidor de estilo de parámetros.

Devuelve el convertidor de estilo de parámetros (:class:`._converting._Converter`).","def _create_converter(self) -> _converting._Converter:
""""""
Crear el convertidor de estilo de parámetros.

Devuelve el convertidor de estilo de parámetros (:class:`._converting._Converter`).
""""""",[''],"def _create_converter(self) -> _converting._Converter:
    """"""
    Crear el convertidor de estilo de parámetros.

    Devuelve el convertidor de estilo de parámetros (:class:`._converting._Converter`).
    """"""
    return _converting._Converter()"
62b8966c755ee91dce50a154,"def isoparse(self, dt_str):

Parse an ISO-8601 datetime string into a :class:`datetime.datetime`.

An ISO-8601 datetime string consists of a date portion, followed
optionally by a time portion - the date and time portions are separated
by a single character separator, which is ``T`` in the official
standard. Incomplete date formats (such as ``YYYY-MM``) may *not* be
combined with a time portion.

Supported date formats are:

Common:

- ``YYYY``
- ``YYYY-MM`` or ``YYYYMM``
- ``YYYY-MM-DD`` or ``YYYYMMDD``

Uncommon:

- ``YYYY-Www`` or ``YYYYWww`` - ISO week (day defaults to 0)
- ``YYYY-Www-D`` or ``YYYYWwwD`` - ISO week and day

The ISO week and day numbering follows the same logic as
:func:`datetime.date.isocalendar`.

Supported time formats are:

- ``hh``
- ``hh:mm`` or ``hhmm``
- ``hh:mm:ss`` or ``hhmmss``
- ``hh:mm:ss.ssssss`` (Up to 6 sub-second digits)

Midnight is a special case for `hh`, as the standard supports both
00:00 and 24:00 as a representation. The decimal separator can be
either a dot or a comma.


.. caution::

    Support for fractional components other than seconds is part of the
    ISO-8601 standard, but is not currently implemented in this parser.

Supported time zone offset formats are:

- `Z` (UTC)
- `±HH:MM`
- `±HHMM`
- `±HH`

Offsets will be represented as :class:`dateutil.tz.tzoffset` objects,
with the exception of UTC, which will be represented as
:class:`dateutil.tz.tzutc`. Time zone offsets equivalent to UTC (such
as `+00:00`) will also be represented as :class:`dateutil.tz.tzutc`.

:param dt_str:
    A string or stream containing only an ISO-8601 datetime string

:return:
    Returns a :class:`datetime.datetime` representing the string.
    Unspecified components default to their lowest value.

.. warning::

    As of version 2.7.0, the strictness of the parser should not be
    considered a stable part of the contract. Any valid ISO-8601 string
    that parses correctly with the default settings will continue to
    parse correctly in future versions, but invalid strings that
    currently fail (e.g. ``2017-01-01T00:00+00:00:00``) are not
    guaranteed to continue failing in future versions if they encode
    a valid date.

.. versionadded:: 2.7.0","Parse an ISO-8601 datetime string into a :class:`datetime.datetime`.

An ISO-8601 datetime string consists of a date portion, followed
optionally by a time portion - the date and time portions are separated
by a single character separator, which is ``T`` in the official
standard. Incomplete date formats (such as ``YYYY-MM``) may *not* be
combined with a time portion.

Supported date formats are:

Common:

- ``YYYY``
- ``YYYY-MM`` or ``YYYYMM``
- ``YYYY-MM-DD`` or ``YYYYMMDD``

Uncommon:

- ``YYYY-Www`` or ``YYYYWww`` - ISO week (day defaults to 0)
- ``YYYY-Www-D`` or ``YYYYWwwD`` - ISO week and day

The ISO week and day numbering follows the same logic as
:func:`datetime.date.isocalendar`.

Supported time formats are:

- ``hh``
- ``hh:mm`` or ``hhmm``
- ``hh:mm:ss`` or ``hhmmss``
- ``hh:mm:ss.ssssss`` (Up to 6 sub-second digits)

Midnight is a special case for `hh`, as the standard supports both
00:00 and 24:00 as a representation. The decimal separator can be
either a dot or a comma.


.. caution::

    Support for fractional components other than seconds is part of the
    ISO-8601 standard, but is not currently implemented in this parser.

Supported time zone offset formats are:

- `Z` (UTC)
- `±HH:MM`
- `±HHMM`
- `±HH`

Offsets will be represented as :class:`dateutil.tz.tzoffset` objects,
with the exception of UTC, which will be represented as
:class:`dateutil.tz.tzutc`. Time zone offsets equivalent to UTC (such
as `+00:00`) will also be represented as :class:`dateutil.tz.tzutc`.

:param dt_str:
    A string or stream containing only an ISO-8601 datetime string

:return:
    Returns a :class:`datetime.datetime` representing the string.
    Unspecified components default to their lowest value.

.. warning::

    As of version 2.7.0, the strictness of the parser should not be
    considered a stable part of the contract. Any valid ISO-8601 string
    that parses correctly with the default settings will continue to
    parse correctly in future versions, but invalid strings that
    currently fail (e.g. ``2017-01-01T00:00+00:00:00``) are not
    guaranteed to continue failing in future versions if they encode
    a valid date.

.. versionadded:: 2.7.0","def isoparse(self, dt_str):
","```python
def isoparse(self, dt_str):

Parse una cadena de fecha y hora en formato ISO-8601 en un objeto :class:`datetime.datetime`.

Una cadena de fecha y hora en formato ISO-8601 consiste en una parte de fecha, seguida opcionalmente por una parte de hora. Las partes de fecha y hora están separadas por un único carácter separador, que es ``T`` según el estándar oficial. Los formatos de fecha incompletos (como ``YYYY-MM``) *no* pueden combinarse con una parte de hora.

Los formatos de fecha admitidos son:

Comunes:

- ``YYYY``
- ``YYYY-MM`` o ``YYYYMM``
- ``YYYY-MM-DD`` o ``YYYYMMDD``

Poco comunes:

- ``YYYY-Www`` o ``YYYYWww`` - Semana ISO (el día por defecto es 0)
- ``YYYY-Www-D`` o ``YYYYWwwD`` - Semana y día ISO

La numeración de semanas y días ISO sigue la misma lógica que
:func:`datetime.date.isocalendar`.

Los formatos de hora admitidos son:

- ``hh``
- ``hh:mm`` o ``hhmm``
- ``hh:mm:ss`` o ``hhmmss``
- ``hh:mm:ss.ssssss`` (Hasta 6 dígitos para subsegundos)

La medianoche es un caso especial para `hh`, ya que el estándar admite tanto 00:00 como 24:00 como representación. El separador decimal puede ser un punto o una coma.

.. precaución::

    El soporte para componentes fraccionarios distintos de los segundos es parte del estándar ISO-8601, pero actualmente no está implementado en este analizador.

Los formatos de zona horaria admitidos son:

- `Z` (UTC)
- `±HH:MM`
- `±HHMM`
- `±HH`

Los desplazamientos se representarán como objetos :class:`dateutil.tz.tzoffset`, con la excepción de UTC, que se representará como :class:`dateutil.tz.tzutc`. Los desplazamientos de zona horaria equivalentes a UTC (como `+00:00`) también se representarán como :class:`dateutil.tz.tzutc`.

:param dt_str:
    Una cadena o flujo que contiene únicamente una cadena de fecha y hora en formato ISO-8601.

:return:
    Devuelve un objeto :class:`datetime.datetime` que representa la cadena.
    Los componentes no especificados se inicializan con su valor más bajo.

.. advertencia::

    A partir de la versión 2.7.0, la rigurosidad del analizador no debe considerarse una parte estable del contrato. Cualquier cadena válida en formato ISO-8601 que se analice correctamente con la configuración predeterminada continuará analizándose correctamente en versiones futuras, pero las cadenas no válidas que actualmente fallan (por ejemplo, ``2017-01-01T00:00+00:00:00``) no están garantizadas para seguir fallando en versiones futuras si codifican una fecha válida.

.. versión añadida:: 2.7.0
```","def isoparse(self, dt_str):
""""""
Parse una cadena de fecha y hora en formato ISO-8601 a un objeto :class:`datetime.datetime`.

Una cadena de fecha y hora en formato ISO-8601 consiste en una parte de fecha, seguida opcionalmente por una parte de hora. Las partes de fecha y hora están separadas por un único carácter separador, que es ``T`` según el estándar oficial. Los formatos de fecha incompletos (como ``YYYY-MM``) *no* pueden combinarse con una parte de hora.

Los formatos de fecha admitidos son:

Comunes:

- ``YYYY``
- ``YYYY-MM`` o ``YYYYMM``
- ``YYYY-MM-DD`` o ``YYYYMMDD``

Poco comunes:

- ``YYYY-Www`` o ``YYYYWww`` - Semana ISO (el día por defecto es 0)
- ``YYYY-Www-D`` o ``YYYYWwwD`` - Semana y día ISO

La numeración de semanas y días ISO sigue la misma lógica que
:func:`datetime.date.isocalendar`.

Los formatos de hora admitidos son:

- ``hh``
- ``hh:mm`` o ``hhmm``
- ``hh:mm:ss`` o ``hhmmss``
- ``hh:mm:ss.ssssss`` (Hasta 6 dígitos para subsegundos)

La medianoche es un caso especial para `hh`, ya que el estándar admite tanto 00:00 como 24:00 como representación. El separador decimal puede ser un punto o una coma.

.. precaución::

    El soporte para componentes fraccionarios distintos de los segundos es parte del estándar ISO-8601, pero actualmente no está implementado en este analizador.

Los formatos de zona horaria admitidos son:

- `Z` (UTC)
- `±HH:MM`
- `±HHMM`
- `±HH`

Los desplazamientos se representarán como objetos :class:`dateutil.tz.tzoffset`, con la excepción de UTC, que se representará como :class:`dateutil.tz.tzutc`. Los desplazamientos de zona horaria equivalentes a UTC (como `+00:00`) también se representarán como :class:`dateutil.tz.tzutc`.

:param dt_str:
    Una cadena o flujo que contiene únicamente una cadena de fecha y hora en formato ISO-8601.

:return:
    Devuelve un objeto :class:`datetime.datetime` que representa la cadena.
    Los componentes no especificados se inicializan con su valor más bajo.

.. advertencia::

    A partir de la versión 2.7.0, la rigurosidad del analizador no debe considerarse una parte estable del contrato. Cualquier cadena válida en formato ISO-8601 que se analice correctamente con la configuración predeterminada continuará analizándose correctamente en versiones futuras, pero las cadenas no válidas que actualmente fallan (por ejemplo, ``2017-01-01T00:00+00:00:00``) no están garantizadas para seguir fallando en versiones futuras si codifican una fecha válida.

.. versión añadida:: 2.7.0
""""""","['FixTranslation', 'RemoveProgrammingLanguageContext']","def isoparse(self, dt_str):
    """"""
    Parse una cadena de fecha y hora en formato ISO-8601 a un objeto :class:`datetime.datetime`.

    Una cadena de fecha y hora en formato ISO-8601 consiste en una parte de fecha, seguida opcionalmente por una parte de hora. Las partes de fecha y hora están separadas por un único carácter separador, que es ``T`` según el estándar oficial. Los formatos de fecha incompletos (como ``YYYY-MM``) *no* pueden combinarse con una parte de hora.

    Los formatos de fecha admitidos son:

    Comunes:

    - ``YYYY``
    - ``YYYY-MM`` o ``YYYYMM``
    - ``YYYY-MM-DD`` o ``YYYYMMDD``

    Poco comunes:

    - ``YYYY-Www`` o ``YYYYWww`` - Semana ISO (el día por defecto es 0)
    - ``YYYY-Www-D`` o ``YYYYWwwD`` - Semana y día ISO

    La numeración de semanas y días ISO sigue la misma lógica que
    :func:`datetime.date.isocalendar`.

    Los formatos de hora admitidos son:

    - ``hh``
    - ``hh:mm`` o ``hhmm``
    - ``hh:mm:ss`` o ``hhmmss``
    - ``hh:mm:ss.ssssss`` (Hasta 6 dígitos para subsegundos)

    La medianoche es un caso especial para `hh`, ya que el estándar admite tanto 00:00 como 24:00 como representación. El separador decimal puede ser un punto o una coma.

    .. precaución::

        El soporte para componentes fraccionarios distintos de los segundos es parte del estándar ISO-8601, pero actualmente no está implementado en este analizador.

    Los formatos de zona horaria admitidos son:

    - `Z` (UTC)
    - `±HH:MM`
    - `±HHMM`
    - `±HH`

    Los desplazamientos se representarán como objetos :class:`dateutil.tz.tzoffset`, con la excepción de UTC, que se representará como :class:`dateutil.tz.tzutc`. Los desplazamientos de zona horaria equivalentes a UTC (como `+00:00`) también se representarán como :class:`dateutil.tz.tzutc`.

    :param dt_str:
        Una cadena o flujo que contiene únicamente una cadena de fecha y hora en formato ISO-8601.

    :return:
        Devuelve un objeto :class:`datetime.datetime` que representa la cadena.
        Los componentes no especificados se inicializan con su valor más bajo.

    .. advertencia::

        A partir de la versión 2.7.0, la rigurosidad del analizador no debe considerarse una parte estable del contrato. Cualquier cadena válida en formato ISO-8601 que se analice correctamente con la configuración predeterminada continuará analizándose correctamente en versiones futuras, pero las cadenas no válidas que actualmente fallan (por ejemplo, ``2017-01-01T00:00+00:00:00``) no están garantizadas para seguir fallando en versiones futuras si codifican una fecha válida.

    .. versión añadida:: 2.7.0
    """"""
    from datetime import datetime, timedelta
    import re
    from dateutil import tz

    # Regex patterns for parsing
    date_patterns = [
        r'(\d{4})-(\d{2})-(\d{2})',  # YYYY-MM-DD
        r'(\d{4})-(\d{2})',          # YYYY-MM
        r'(\d{4})',                   # YYYY
        r'(\d{4})W(\d{2})',           # YYYY-Www
        r'(\d{4})W(\d{2})-(\d)',      # YYYY-Www-D
    ]
    
    time_patterns = [
        r'(\d{2}):(\d{2}):(\d{2})(\.\d+)?',  # hh:mm:ss[.sss...]
        r'(\d{2}):(\d{2})(\.\d+)?',          # hh:mm[.sss...]
        r'(\d{2})(:\d{2})?(\.\d+)?',         # hh[:mm][.sss...]
    ]
    
    tz_patterns = [
        r'Z',                             # UTC
        r'([+-]\d{2}):?(\d{2})?',         # ±HH:MM
        r'([+-]\d{2})(\d{2})?',            # ±HHMM
        r'([+-]\d{2})'                     # ±HH
    ]
    
    # Combine patterns
    date_regex = re.compile(r'|'.join(date_patterns))
    time_regex = re.compile(r'|'.join(time_patterns))
    tz_regex = re.compile(r'|'.join(tz_patterns))

    # Split date and time
    if 'T' in dt_str:
        date_str, time_str = dt_str.split('T', 1)
    else:
        date_str, time_str = dt_str, ''

    # Parse date
    date_match = date_regex.fullmatch(date_str)
    if not date_match:
        raise ValueError(""Invalid date format"")

    year, month, day, week, week_day = None, None, None, None, None
    if date_match.group(1):  # YYYY-MM-DD
        year, month, day = map(int, date_match.groups()[0:3])
    elif date_match.group(4):  # YYYY-Www
        year, week = map(int, date_match.groups()[3:5])
        day = 1  # Default to first day of the week
    elif date_match.group(6):  # YYYY-Www-D
        year, week, week_day = map(int, date_match.groups()[6:9])
        day = week_day

    # Handle week-based dates
    if week is not None:
        first_day_of_year = datetime(year, 1, 1)
        first_weekday = first_day_of_year.isoweekday()
        days_to_first_week = (7 - first_weekday) % 7
        first_week_start = first_day_of_year + timedelta(days=days_to_first_week)
        date = first_week_start + timedelta(weeks=week - 1, days=day - 1)
    else:
        date = datetime(year, month or 1, day or 1)

    # Parse time
    time_match = time_regex.fullmatch(time_str)
    if time_match:
        hour, minute, second = map(int, time_match.groups()[0:3])
        if time_match.group(4):  # Handle fractional seconds
            microsecond = int(float(time_match.group(4)) * 1_000_000)
        else:
            microsecond = 0
    else:
        hour, minute, second, microsecond = 0, 0, 0, 0

    # Handle special case for midnight
    if hour == 24:
        hour, minute, second = 0, 0, 0

    # Combine date and time
    dt = datetime.combine(date, datetime.time(hour, minute, second, microsecond))

    # Parse timezone
    tz_match = tz_regex.search(dt_str)
    if tz_match:
        tz_str = tz_match.group(0)
        if tz_str == 'Z':
            dt = dt.replace(tzinfo=tz.tzutc())
        else:
            sign = 1 if tz_str[0] == '+' else -1
            if ':' in tz_str:
                hours, minutes = map(int, tz_str[1:].split(':'))
            else:
                hours = int(tz_str[1:])
                minutes = 0
            offset = timedelta(hours=sign * hours, minutes=sign * minutes)
            dt = dt.replace(tzinfo=tz.tzoffset(None, offset.total_seconds()))

    return dt"
62b896de755ee91dce50a183,"def parse(self, timestr, default=None,
              ignoretz=False, tzinfos=None, **kwargs):

Parse the date/time string into a :class:`datetime.datetime` object.

:param timestr:
    Any date/time string using the supported formats.

:param default:
    The default datetime object, if this is a datetime object and not
    ``None``, elements specified in ``timestr`` replace elements in the
    default object.

:param ignoretz:
    If set ``True``, time zones in parsed strings are ignored and a
    naive :class:`datetime.datetime` object is returned.

:param tzinfos:
    Additional time zone names / aliases which may be present in the
    string. This argument maps time zone names (and optionally offsets
    from those time zones) to time zones. This parameter can be a
    dictionary with timezone aliases mapping time zone names to time
    zones or a function taking two parameters (``tzname`` and
    ``tzoffset``) and returning a time zone.

    The timezones to which the names are mapped can be an integer
    offset from UTC in seconds or a :class:`tzinfo` object.

    .. doctest::
       :options: +NORMALIZE_WHITESPACE

        >>> from dateutil.parser import parse
        >>> from dateutil.tz import gettz
        >>> tzinfos = {""BRST"": -7200, ""CST"": gettz(""America/Chicago"")}
        >>> parse(""2012-01-19 17:21:00 BRST"", tzinfos=tzinfos)
        datetime.datetime(2012, 1, 19, 17, 21, tzinfo=tzoffset(u'BRST', -7200))
        >>> parse(""2012-01-19 17:21:00 CST"", tzinfos=tzinfos)
        datetime.datetime(2012, 1, 19, 17, 21,
                          tzinfo=tzfile('/usr/share/zoneinfo/America/Chicago'))

    This parameter is ignored if ``ignoretz`` is set.

:param \*\*kwargs:
    Keyword arguments as passed to ``_parse()``.

:return:
    Returns a :class:`datetime.datetime` object or, if the
    ``fuzzy_with_tokens`` option is ``True``, returns a tuple, the
    first element being a :class:`datetime.datetime` object, the second
    a tuple containing the fuzzy tokens.

:raises ParserError:
    Raised for invalid or unknown string format, if the provided
    :class:`tzinfo` is not in a valid format, or if an invalid date
    would be created.

:raises TypeError:
    Raised for non-string or character stream input.

:raises OverflowError:
    Raised if the parsed date exceeds the largest valid C integer on
    your system.","Parse the date/time string into a :class:`datetime.datetime` object.

:param timestr:
    Any date/time string using the supported formats.

:param default:
    The default datetime object, if this is a datetime object and not
    ``None``, elements specified in ``timestr`` replace elements in the
    default object.

:param ignoretz:
    If set ``True``, time zones in parsed strings are ignored and a
    naive :class:`datetime.datetime` object is returned.

:param tzinfos:
    Additional time zone names / aliases which may be present in the
    string. This argument maps time zone names (and optionally offsets
    from those time zones) to time zones. This parameter can be a
    dictionary with timezone aliases mapping time zone names to time
    zones or a function taking two parameters (``tzname`` and
    ``tzoffset``) and returning a time zone.

    The timezones to which the names are mapped can be an integer
    offset from UTC in seconds or a :class:`tzinfo` object.

    .. doctest::
       :options: +NORMALIZE_WHITESPACE

        >>> from dateutil.parser import parse
        >>> from dateutil.tz import gettz
        >>> tzinfos = {""BRST"": -7200, ""CST"": gettz(""America/Chicago"")}
        >>> parse(""2012-01-19 17:21:00 BRST"", tzinfos=tzinfos)
        datetime.datetime(2012, 1, 19, 17, 21, tzinfo=tzoffset(u'BRST', -7200))
        >>> parse(""2012-01-19 17:21:00 CST"", tzinfos=tzinfos)
        datetime.datetime(2012, 1, 19, 17, 21,
                          tzinfo=tzfile('/usr/share/zoneinfo/America/Chicago'))

    This parameter is ignored if ``ignoretz`` is set.

:param \*\*kwargs:
    Keyword arguments as passed to ``_parse()``.

:return:
    Returns a :class:`datetime.datetime` object or, if the
    ``fuzzy_with_tokens`` option is ``True``, returns a tuple, the
    first element being a :class:`datetime.datetime` object, the second
    a tuple containing the fuzzy tokens.

:raises ParserError:
    Raised for invalid or unknown string format, if the provided
    :class:`tzinfo` is not in a valid format, or if an invalid date
    would be created.

:raises TypeError:
    Raised for non-string or character stream input.

:raises OverflowError:
    Raised if the parsed date exceeds the largest valid C integer on
    your system.","def parse(self, timestr, default=None,
              ignoretz=False, tzinfos=None, **kwargs):
","```python
def parse(self, timestr, default=None,
              ignoretz=False, tzinfos=None, **kwargs):

Analiza la cadena de fecha/hora en un objeto de la clase :class:`datetime.datetime`.

:param timestr:
    Cualquier cadena de fecha/hora que utilice los formatos compatibles.

:param default:
    El objeto datetime predeterminado. Si este es un objeto datetime y no es
    ``None``, los elementos especificados en ``timestr`` reemplazan los elementos
    en el objeto predeterminado.

:param ignoretz:
    Si se establece en ``True``, se ignoran las zonas horarias en las cadenas
    analizadas y se devuelve un objeto :class:`datetime.datetime` sin información
    de zona horaria (naive).

:param tzinfos:
    Nombres/alias de zonas horarias adicionales que pueden estar presentes en la
    cadena. Este argumento mapea nombres de zonas horarias (y opcionalmente
    desplazamientos de esas zonas horarias) a zonas horarias. Este parámetro puede
    ser un diccionario con alias de zonas horarias que mapean nombres de zonas
    horarias a zonas horarias, o una función que tome dos parámetros (``tzname`` y
    ``tzoffset``) y devuelva una zona horaria.

    Las zonas horarias a las que se mapean los nombres pueden ser un desplazamiento
    entero desde UTC en segundos o un objeto :class:`tzinfo`.

    .. doctest::
       :options: +NORMALIZE_WHITESPACE

        >>> from dateutil.parser import parse
        >>> from dateutil.tz import gettz
        >>> tzinfos = {""BRST"": -7200, ""CST"": gettz(""America/Chicago"")}
        >>> parse(""2012-01-19 17:21:00 BRST"", tzinfos=tzinfos)
        datetime.datetime(2012, 1, 19, 17, 21, tzinfo=tzoffset(u'BRST', -7200))
        >>> parse(""2012-01-19 17:21:00 CST"", tzinfos=tzinfos)
        datetime.datetime(2012, 1, 19, 17, 21,
                          tzinfo=tzfile('/usr/share/zoneinfo/America/Chicago'))

    Este parámetro se ignora si ``ignoretz`` está establecido.

:param \*\*kwargs:
    Argumentos de palabras clave que se pasan a ``_parse()``.

:return:
    Devuelve un objeto :class:`datetime.datetime` o, si la opción
    ``fuzzy_with_tokens`` está establecida en ``True``, devuelve una tupla, donde
    el primer elemento es un objeto :class:`datetime.datetime` y el segundo es una
    tupla que contiene los tokens ambiguos.

:raises ParserError:
    Se lanza para formatos de cadena no válidos o desconocidos, si el
    :class:`tzinfo` proporcionado no tiene un formato válido, o si se crearía una
    fecha no válida.

:raises TypeError:
    Se lanza para entradas que no sean cadenas o flujos de caracteres.

:raises OverflowError:
    Se lanza si la fecha analizada excede el entero C más grande válido en
    tu sistema.
```","def parse(self, timestr, default=None,
              ignoretz=False, tzinfos=None, **kwargs):
""""""
Convierte la cadena de fecha/hora en un objeto de la clase :class:`datetime.datetime`.

:param timestr:
    Cualquier fecha/hora en formato string que utilice los formatos compatibles.

:param default:
    El objeto datetime predeterminado. Si este es un objeto datetime y no es
    ``None``, los elementos especificados en ``timestr`` reemplazan los elementos en el objeto predeterminado.

:param ignoretz:
    Si se establece en ``True``, se ignoran las zonas horarias en las cadenas analizadas y se devuelve un objeto :class:`datetime.datetime` sin información de zona horaria (naive).

:param tzinfos:
    Nombres/alias de zonas horarias adicionales que pueden estar presentes en la cadena. Este argumento mapea nombres de zonas horarias (y opcionalmente desplazamientos de esas zonas horarias) a zonas horarias. Este parámetro puede ser un diccionario con alias de zonas horarias que mapean nombres de zonas horarias a zonas horarias, o una función que tome dos parámetros (``tzname`` y ``tzoffset``) y devuelva una zona horaria.

    Las zonas horarias a las que se mapean los nombres pueden ser un desplazamiento entero desde UTC en segundos o un objeto :class:`tzinfo`.

    .. doctest::
       :options: +NORMALIZE_WHITESPACE

        >>> from dateutil.parser import parse
        >>> from dateutil.tz import gettz
        >>> tzinfos = {""BRST"": -7200, ""CST"": gettz(""America/Chicago"")}
        >>> parse(""2012-01-19 17:21:00 BRST"", tzinfos=tzinfos)
        datetime.datetime(2012, 1, 19, 17, 21, tzinfo=tzoffset(u'BRST', -7200))
        >>> parse(""2012-01-19 17:21:00 CST"", tzinfos=tzinfos)
        datetime.datetime(2012, 1, 19, 17, 21,
                          tzinfo=tzfile('/usr/share/zoneinfo/America/Chicago'))

    Este parámetro se ignora si ``ignoretz`` está establecido.

:param \*\*kwargs:
    Argumentos de palabras clave que se pasan a ``_parse()``.

:return:
    Devuelve un objeto :class:`datetime.datetime` o, si la opción
    ``fuzzy_with_tokens`` está establecida en ``True``, devuelve una tupla, donde el primer elemento es un objeto :class:`datetime.datetime` y el segundo es una tupla que contiene los tokens ambiguos.

:raises ParserError:
    Se lanza para formatos de cadena no válidos o desconocidos, si el :class:`tzinfo` proporcionado no tiene un formato válido, o si se crearía una fecha no válida.

:raises TypeError:
    Se lanza para entradas que no sean cadenas o flujos de caracteres.

:raises OverflowError:
    Se lanza si la fecha analizada excede el entero C más grande válido en tu sistema.
""""""","['FixTranslation', 'RemoveProgrammingLanguageContext', 'RemoveExtraSpaces', 'RemoveExtraWhitespaces']","def parse(self, timestr, default=None, ignoretz=False, tzinfos=None, **kwargs):
    """"""
    Convierte la cadena de fecha/hora en un objeto de la clase :class:`datetime.datetime`.

    :param timestr:
        Cualquier fecha/hora en formato string que utilice los formatos compatibles.

    :param default:
        El objeto datetime predeterminado. Si este es un objeto datetime y no es
        ``None``, los elementos especificados en ``timestr`` reemplazan los elementos en el objeto predeterminado.

    :param ignoretz:
        Si se establece en ``True``, se ignoran las zonas horarias en las cadenas analizadas y se devuelve un objeto :class:`datetime.datetime` sin información de zona horaria (naive).

    :param tzinfos:
        Nombres/alias de zonas horarias adicionales que pueden estar presentes en la cadena. Este argumento mapea nombres de zonas horarias (y opcionalmente desplazamientos de esas zonas horarias) a zonas horarias. Este parámetro puede ser un diccionario con alias de zonas horarias que mapean nombres de zonas horarias a zonas horarias, o una función que tome dos parámetros (``tzname`` y ``tzoffset``) y devuelva una zona horaria.

        Las zonas horarias a las que se mapean los nombres pueden ser un desplazamiento entero desde UTC en segundos o un objeto :class:`tzinfo`.

        .. doctest::
           :options: +NORMALIZE_WHITESPACE

            >>> from dateutil.parser import parse
            >>> from dateutil.tz import gettz
            >>> tzinfos = {""BRST"": -7200, ""CST"": gettz(""America/Chicago"")}
            >>> parse(""2012-01-19 17:21:00 BRST"", tzinfos=tzinfos)
            datetime.datetime(2012, 1, 19, 17, 21, tzinfo=tzoffset(u'BRST', -7200))
            >>> parse(""2012-01-19 17:21:00 CST"", tzinfos=tzinfos)
            datetime.datetime(2012, 1, 19, 17, 21,
                              tzinfo=tzfile('/usr/share/zoneinfo/America/Chicago'))

        Este parámetro se ignora si ``ignoretz`` está establecido.

    :param \*\*kwargs:
        Argumentos de palabras clave que se pasan a ``_parse()``.

    :return:
        Devuelve un objeto :class:`datetime.datetime` o, si la opción
        ``fuzzy_with_tokens`` está establecida en ``True``, devuelve una tupla, donde el primer elemento es un objeto :class:`datetime.datetime` y el segundo es una tupla que contiene los tokens ambiguos.

    :raises ParserError:
        Se lanza para formatos de cadena no válidos o desconocidos, si el :class:`tzinfo` proporcionado no tiene un formato válido, o si se crearía una fecha no válida.

    :raises TypeError:
        Se lanza para entradas que no sean cadenas o flujos de caracteres.

    :raises OverflowError:
        Se lanza si la fecha analizada excede el entero C más grande válido en tu sistema.
    """"""
    from dateutil import parser
    from datetime import datetime

    # Validar el tipo de entrada
    if not isinstance(timestr, (str, bytes)):
        raise TypeError(""timestr debe ser una cadena o flujo de caracteres"")

    # Usar el método de análisis de dateutil
    dt = parser.parse(timestr, default=default, ignoretz=ignoretz, tzinfos=tzinfos, **kwargs)

    return dt"
62b8a4a4755ee91dce50a3d3,"def fromutc(self, dt):

Given a timezone-aware datetime in a given timezone, calculates a
timezone-aware datetime in a new timezone.

Since this is the one time that we *know* we have an unambiguous
datetime object, we take this opportunity to determine whether the
datetime is ambiguous and in a ""fold"" state (e.g. if it's the first
occurrence, chronologically, of the ambiguous datetime).

:param dt:
    A timezone-aware :class:`datetime.datetime` object.","Given a timezone-aware datetime in a given timezone, calculates a
timezone-aware datetime in a new timezone.

Since this is the one time that we *know* we have an unambiguous
datetime object, we take this opportunity to determine whether the
datetime is ambiguous and in a ""fold"" state (e.g. if it's the first
occurrence, chronologically, of the ambiguous datetime).

:param dt:
    A timezone-aware :class:`datetime.datetime` object.","def fromutc(self, dt):
","```python
def fromutc(self, dt):

Dado un objeto datetime con conocimiento de zona horaria en una zona horaria específica, calcula un objeto datetime con conocimiento de zona horaria en una nueva zona horaria.

Dado que esta es la única ocasión en la que *sabemos* que tenemos un objeto datetime no ambiguo, aprovechamos esta oportunidad para determinar si el datetime es ambiguo y está en un estado de ""pliegue"" (por ejemplo, si es la primera ocurrencia, cronológicamente, del datetime ambiguo).

:param dt:
    Un objeto :class:`datetime.datetime` con conocimiento de zona horaria.
```","def fromutc(self, dt):
""""""
Dado un objeto ""datetime"" que contiene información de la zona horaria al que pertenece, calcula un objeto ""datetime"" para una zona horaria diferente, que contenga información de la nueva zona horaria al que pertenece.

Dado que esta es la única ocasión en la que *sabemos* que tenemos un objeto datetime no ambiguo, aprovechamos esta oportunidad para determinar si el datetime es ambiguo y está en un estado de ""pliegue"" (por ejemplo, si es la primera ocurrencia, cronológicamente, del datetime ambiguo).

:param dt:
    Un objeto :class:`datetime.datetime` con conocimiento de zona horaria.
""""""","['RemoveProgrammingLanguageContext', 'AddQuotesForEnglishWordsInText', 'FixTranslation']","def fromutc(self, dt):
    """"""
    Dado un objeto ""datetime"" que contiene información de la zona horaria al que pertenece, calcula un objeto ""datetime"" para una zona horaria diferente, que contenga información de la nueva zona horaria al que pertenece.

    Dado que esta es la única ocasión en la que *sabemos* que tenemos un objeto datetime no ambiguo, aprovechamos esta oportunidad para determinar si el datetime es ambiguo y está en un estado de ""pliegue"" (por ejemplo, si es la primera ocurrencia, cronológicamente, del datetime ambiguo).

    :param dt:
        Un objeto :class:`datetime.datetime` con conocimiento de zona horaria.
    """"""
    # Verificar que el objeto datetime tiene información de zona horaria
    if dt.tzinfo is None:
        raise ValueError(""El objeto datetime debe tener información de zona horaria."")

    # Convertir el datetime a la zona horaria local
    local_dt = dt.astimezone(self)

    # Determinar si el datetime es ambiguo
    if local_dt.dst() != timedelta(0):
        # Si hay un desplazamiento horario, verificar si es la primera ocurrencia
        if local_dt < self.utcoffset() + self.dst():
            return local_dt - self.dst()
    
    return local_dt"
62b8a7b2755ee91dce50a4a7,"def default_tzinfo(dt, tzinfo):

Sets the ``tzinfo`` parameter on naive datetimes only

This is useful for example when you are provided a datetime that may have
either an implicit or explicit time zone, such as when parsing a time zone
string.

.. doctest::

    >>> from dateutil.tz import tzoffset
    >>> from dateutil.parser import parse
    >>> from dateutil.utils import default_tzinfo
    >>> dflt_tz = tzoffset(""EST"", -18000)
    >>> print(default_tzinfo(parse('2014-01-01 12:30 UTC'), dflt_tz))
    2014-01-01 12:30:00+00:00
    >>> print(default_tzinfo(parse('2014-01-01 12:30'), dflt_tz))
    2014-01-01 12:30:00-05:00

:param dt:
    The datetime on which to replace the time zone

:param tzinfo:
    The :py:class:`datetime.tzinfo` subclass instance to assign to
    ``dt`` if (and only if) it is naive.

:return:
    Returns an aware :py:class:`datetime.datetime`.","Sets the ``tzinfo`` parameter on naive datetimes only

This is useful for example when you are provided a datetime that may have
either an implicit or explicit time zone, such as when parsing a time zone
string.

.. doctest::

    >>> from dateutil.tz import tzoffset
    >>> from dateutil.parser import parse
    >>> from dateutil.utils import default_tzinfo
    >>> dflt_tz = tzoffset(""EST"", -18000)
    >>> print(default_tzinfo(parse('2014-01-01 12:30 UTC'), dflt_tz))
    2014-01-01 12:30:00+00:00
    >>> print(default_tzinfo(parse('2014-01-01 12:30'), dflt_tz))
    2014-01-01 12:30:00-05:00

:param dt:
    The datetime on which to replace the time zone

:param tzinfo:
    The :py:class:`datetime.tzinfo` subclass instance to assign to
    ``dt`` if (and only if) it is naive.

:return:
    Returns an aware :py:class:`datetime.datetime`.","def default_tzinfo(dt, tzinfo):
","```python
def default_tzinfo(dt, tzinfo):
```

Establece el parámetro ``tzinfo`` solo en objetos datetime ingenuos (naive).

Esto es útil, por ejemplo, cuando se te proporciona un objeto datetime que puede tener una zona horaria implícita o explícita, como al analizar una cadena de zona horaria.

.. doctest::

    >>> from dateutil.tz import tzoffset
    >>> from dateutil.parser import parse
    >>> from dateutil.utils import default_tzinfo
    >>> dflt_tz = tzoffset(""EST"", -18000)
    >>> print(default_tzinfo(parse('2014-01-01 12:30 UTC'), dflt_tz))
    2014-01-01 12:30:00+00:00
    >>> print(default_tzinfo(parse('2014-01-01 12:30'), dflt_tz))
    2014-01-01 12:30:00-05:00

:param dt:
    El objeto datetime al que se le reemplazará la zona horaria.

:param tzinfo:
    La instancia de la subclase :py:class:`datetime.tzinfo` que se asignará a
    ``dt`` si (y solo si) es ingenuo (naive).

:return:
    Devuelve un objeto :py:class:`datetime.datetime` consciente de la zona horaria (aware).
```","def default_tzinfo(dt, tzinfo):
""""""
Establece el parámetro ``tzinfo`` solo en objetos ""datetime"" que no contienen información de la zona horaria a la que pertenece.

Esto es útil, por ejemplo, cuando se te proporciona un objeto datetime que puede tener una zona horaria implícita o explícita, como al analizar una cadena de zona horaria.

.. doctest::

    >>> from dateutil.tz import tzoffset
    >>> from dateutil.parser import parse
    >>> from dateutil.utils import default_tzinfo
    >>> dflt_tz = tzoffset(""EST"", -18000)
    >>> print(default_tzinfo(parse('2014-01-01 12:30 UTC'), dflt_tz))
    2014-01-01 12:30:00+00:00
    >>> print(default_tzinfo(parse('2014-01-01 12:30'), dflt_tz))
    2014-01-01 12:30:00-05:00

:param dt:
    El objeto datetime al que se le reemplazará la zona horaria.

:param tzinfo:
    La instancia de la subclase :py:class:`datetime.tzinfo` que se asignará a ``dt`` si (y solo si) no contienen información de la zona horaria a la que pertenece.

:return:
    Devuelve un objeto :py:class:`datetime.datetime` que contienen información de la zona horaria a la que pertenece.
""""""","['FixTranslation', 'RemoveProgrammingLanguageContext']","def default_tzinfo(dt, tzinfo):
    """"""
    Establece el parámetro ``tzinfo`` solo en objetos ""datetime"" que no contienen información de la zona horaria a la que pertenece.

    Esto es útil, por ejemplo, cuando se te proporciona un objeto datetime que puede tener una zona horaria implícita o explícita, como al analizar una cadena de zona horaria.

    .. doctest::

        >>> from dateutil.tz import tzoffset
        >>> from dateutil.parser import parse
        >>> from dateutil.utils import default_tzinfo
        >>> dflt_tz = tzoffset(""EST"", -18000)
        >>> print(default_tzinfo(parse('2014-01-01 12:30 UTC'), dflt_tz))
        2014-01-01 12:30:00+00:00
        >>> print(default_tzinfo(parse('2014-01-01 12:30'), dflt_tz))
        2014-01-01 12:30:00-05:00

    :param dt:
        El objeto datetime al que se le reemplazará la zona horaria.

    :param tzinfo:
        La instancia de la subclase :py:class:`datetime.tzinfo` que se asignará a ``dt`` si (y solo si) no contienen información de la zona horaria a la que pertenece.

    :return:
        Devuelve un objeto :py:class:`datetime.datetime` que contienen información de la zona horaria a la que pertenece.
    """"""
    if dt.tzinfo is None:
        return dt.replace(tzinfo=tzinfo)
    return dt"
6305f9991d275c6667163c50,"def set_cut_chars(self, before: bytes, after: bytes) -> None:

Set the bytes used to delimit slice points.

Args:
    before: Split file before these delimiters.
    after: Split file after these delimiters.","Set the bytes used to delimit slice points.

Args:
    before: Split file before these delimiters.
    after: Split file after these delimiters.","def set_cut_chars(self, before: bytes, after: bytes) -> None:
","```python
def set_cut_chars(self, before: bytes, after: bytes) -> None:
    """"""
    Establece los bytes utilizados para delimitar los puntos de corte.

    Argumentos:
        before: Divide el archivo antes de estos delimitadores.
        after: Divide el archivo después de estos delimitadores.
    """"""
```","def set_cut_chars(self, before: bytes, after: bytes) -> None:
""""""
Establece los bytes utilizados para delimitar los puntos de corte.

Argumentos:
    before: Divide el archivo antes de estos delimitadores.
    after: Divide el archivo después de estos delimitadores.
""""""",['RemoveProgrammingLanguageContext'],"def set_cut_chars(self, before: bytes, after: bytes) -> None:
    """"""
    Establece los bytes utilizados para delimitar los puntos de corte.

    Argumentos:
        before: Divide el archivo antes de estos delimitadores.
        after: Divide el archivo después de estos delimitadores.
    """"""
    self.cut_before = before
    self.cut_after = after"
6306292052e177c0ba469f09,"Check whether the request body loaded using JSON contains events. If yes, True is returned, otherwise, check whether the tag of the XML loaded from the request body is Magic_ENV_TAG, if yes, return True. If neither of the preceding conditions is met, return False.
def identify_request(request: RequestType):

Try to identify whether this is a Diaspora request.

Try first public message. Then private message. The check if this is a legacy payload.","Check whether the request body loaded using JSON contains events. If yes, True is returned, otherwise, check whether the tag of the XML loaded from the request body is Magic_ENV_TAG, if yes, return True. If neither of the preceding conditions is met, return False.","def identify_request(request: RequestType):
","Verifique si el cuerpo de la solicitud cargado usando JSON contiene eventos. Si es así, se devuelve True, de lo contrario, verifique si la etiqueta del XML cargado desde el cuerpo de la solicitud es Magic_ENV_TAG, si es así, devuelva True. Si no se cumple ninguna de las condiciones anteriores, devuelva False.

```python
def identify_request(request: RequestType):
```

Intente identificar si esta es una solicitud de Diaspora.

Primero intente con un mensaje público. Luego con un mensaje privado. Finalmente, verifique si se trata de una carga útil heredada (legacy payload).","def identify_request(request: RequestType):
""""""
Intente identificar si esta es una solicitud de Diaspora.

Primero intente con un mensaje público. Luego con un mensaje privado. Finalmente, verifique si se trata de una carga útil heredada (legacy payload).
""""""",['RemoveProgrammingLanguageContext'],"def identify_request(request: RequestType):
    """"""
    Intente identificar si esta es una solicitud de Diaspora.

    Primero intente con un mensaje público. Luego con un mensaje privado. Finalmente, verifique si se trata de una carga útil heredada (legacy payload).
    """"""
    if is_public_message(request):
        return ""Public Message""
    elif is_private_message(request):
        return ""Private Message""
    elif is_legacy_payload(request):
        return ""Legacy Payload""
    else:
        return ""Unknown Request""

def is_public_message(request):
    # Implementación para verificar si es un mensaje público
    return request.get('type') == 'public'

def is_private_message(request):
    # Implementación para verificar si es un mensaje privado
    return request.get('type') == 'private'

def is_legacy_payload(request):
    # Implementación para verificar si es una carga útil heredada
    return 'legacy' in request"
6306292152e177c0ba469f0d,"Check whether the request body loaded using JSON contains events. If yes, True is returned. Otherwise, False is returned.
def identify_request(request: RequestType) -> bool:

Try to identify whether this is a Matrix request","Check whether the request body loaded using JSON contains events. If yes, True is returned. Otherwise, False is returned.","def identify_request(request: RequestType) -> bool:
","Verifique si el cuerpo de la solicitud cargado utilizando JSON contiene eventos. Si es así, se devuelve True. De lo contrario, se devuelve False.

```python
def identify_request(request: RequestType) -> bool:
```

Intente identificar si esta es una solicitud de Matrix.","def identify_request(request: RequestType) -> bool:
""""""
Intente identificar si esta es una solicitud de Matrix.
""""""",['RemoveProgrammingLanguageContext'],"def identify_request(request: RequestType) -> bool:
    """"""
    Intente identificar si esta es una solicitud de Matrix.
    """"""
    return isinstance(request, MatrixRequestType)  # Suponiendo que MatrixRequestType es el tipo de solicitud de Matrix"
6306292252e177c0ba469f11,"Use the ensure_timezone function to format the time of dt and return the time.
def format_dt(dt):

Format a datetime in the way that D* nodes expect.",Use the ensure_timezone function to format the time of dt and return the time.,"def format_dt(dt):
","Usa la función `ensure_timezone` para formatear la hora de `dt` y devolver la hora.

```python
def format_dt(dt):
```

Formatea un objeto `datetime` en el formato que los nodos D* esperan.","def format_dt(dt):
""""""
Formatea un objeto `datetime` en el formato que los nodos D* esperan.
""""""",['RemoveProgrammingLanguageContext'],"from datetime import datetime

def format_dt(dt):
    """"""
    Formatea un objeto `datetime` en el formato que los nodos D* esperan.
    """"""
    return dt.strftime('%Y-%m-%dT%H:%M:%S')"
6306292352e177c0ba469f1d,"def find_tags(text: str, replacer: callable = None) -> Tuple[Set, str]:

Find tags in text.

Tries to ignore tags inside code blocks.

Optionally, if passed a ""replacer"", will also replace the tag word with the result
of the replacer function called with the tag word.

Returns a set of tags and the original or replaced text.","Find tags in text.

Tries to ignore tags inside code blocks.

Optionally, if passed a ""replacer"", will also replace the tag word with the result
of the replacer function called with the tag word.

Returns a set of tags and the original or replaced text.","def find_tags(text: str, replacer: callable = None) -> Tuple[Set, str]:
","```python
def find_tags(texto: str, reemplazador: callable = None) -> Tuple[Set, str]:
    """"""
    Encuentra etiquetas en el texto.

    Intenta ignorar las etiquetas dentro de bloques de código.

    Opcionalmente, si se pasa un ""reemplazador"", también reemplazará la palabra de la etiqueta
    con el resultado de la función reemplazador llamada con la palabra de la etiqueta.

    Devuelve un conjunto de etiquetas y el texto original o reemplazado.
    """"""
```","def find_tags(texto: str, reemplazador: callable = None) -> Tuple[Set, str]:
""""""
    Encuentra etiquetas en el texto.

    Intenta ignorar las etiquetas dentro de bloques de código.

    Opcionalmente, si se pasa un ""replacer"", también reemplazará la palabra de la etiqueta con el resultado de la función ""replacer"" llamada con la palabra de la etiqueta.

    Devuelve un conjunto de etiquetas y el texto original o reemplazado.
""""""","['RemoveProgrammingLanguageContext', 'RemoveEnrichedTextAdditions', 'FixTranslation']","from typing import Tuple, Set
import re

def find_tags(texto: str, reemplazador: callable = None) -> Tuple[Set, str]:
    """"""
    Encuentra etiquetas en el texto.

    Intenta ignorar las etiquetas dentro de bloques de código.

    Opcionalmente, si se pasa un ""replacer"", también reemplazará la palabra de la etiqueta con el resultado de la función ""replacer"" llamada con la palabra de la etiqueta.

    Devuelve un conjunto de etiquetas y el texto original o reemplazado.
    """"""
    # Expresión regular para encontrar bloques de código
    code_block_pattern = r'"
6306292352e177c0ba469f1e,"def process_text_links(text):

Process links in text, adding some attributes and linkifying textual links.","Process links in text, adding some attributes and linkifying textual links.","def process_text_links(text):
","```python
def process_text_links(text):
```

Procesa los enlaces en el texto, añadiendo algunos atributos y convirtiendo enlaces de texto en hipervínculos.","def process_text_links(text):
""""""
Procesa los enlaces en el texto, añadiendo algunos atributos y convirtiendo enlaces de texto en hipervínculos.
""""""",['RemoveProgrammingLanguageContext'],"def process_text_links(text):
    """"""
    Procesa los enlaces en el texto, añadiendo algunos atributos y convirtiendo enlaces de texto en hipervínculos.
    """"""
    import re

    # Expresión regular para encontrar enlaces
    url_pattern = r'(https?://[^\s]+)'
    
    # Función para reemplazar el enlace por un hipervínculo
    def replace_link(match):
        url = match.group(0)
        return f'<a href=""{url}"" target=""_blank"" rel=""noopener noreferrer"">{url}</a>'
    
    # Reemplazar los enlaces en el texto
    processed_text = re.sub(url_pattern, replace_link, text)
    
    return processed_text"
6306292652e177c0ba469f34,"Set the head of the request through the URL and USER_AGENT.
def fetch_content_type(url: str) -> Optional[str]:

Fetch the HEAD of the remote url to determine the content type.",Set the head of the request through the URL and USER_AGENT.,"def fetch_content_type(url: str) -> Optional[str]:
","Establece el encabezado de la solicitud a través de la URL y el USER_AGENT.  
```python
def fetch_content_type(url: str) -> Optional[str]:
```

Obtén el encabezado HEAD de la URL remota para determinar el tipo de contenido.","def fetch_content_type(url: str) -> Optional[str]:
""""""
Obtén el encabezado HEAD de la URL remota para determinar el tipo de contenido.
""""""",['RemoveProgrammingLanguageContext'],"from typing import Optional
import requests

def fetch_content_type(url: str) -> Optional[str]:
    """"""
    Obtén el encabezado HEAD de la URL remota para determinar el tipo de contenido.
    """"""
    try:
        response = requests.head(url)
        return response.headers.get('Content-Type')
    except requests.RequestException:
        return None"
6306292a52e177c0ba469f41,"Checks whether each character in the LEEGAL_TAG_CHARS belongs to a tag. If any character belongs to a tag, the value False is returned. Otherwise, the value True is returned.
def test_tag(tag: str) -> bool:

Test a word whether it could be accepted as a tag.","Checks whether each character in the LEEGAL_TAG_CHARS belongs to a tag. If any character belongs to a tag, the value False is returned. Otherwise, the value True is returned.","def test_tag(tag: str) -> bool:
","Verifica si cada carácter en `LEGAL_TAG_CHARS` pertenece a una etiqueta. Si algún carácter pertenece a una etiqueta, se devuelve el valor `False`. De lo contrario, se devuelve el valor `True`.

```python
def test_tag(tag: str) -> bool:
```

Prueba una palabra para determinar si puede ser aceptada como una etiqueta.","def test_tag(tag: str) -> bool:
""""""
Prueba una palabra para determinar si puede ser aceptada como una etiqueta.
""""""",['RemoveProgrammingLanguageContext'],"def test_tag(tag: str) -> bool:
    """"""
    Prueba una palabra para determinar si puede ser aceptada como una etiqueta.
    """"""
    if not tag:
        return False
    if len(tag) > 30:
        return False
    if not tag.isalnum() and '_' not in tag:
        return False
    return True"
6306298b52e177c0ba469fdc,"def xml_children_as_dict(node):

Turn the children of node <xml> into a dict, keyed by tag name.

This is only a shallow conversation - child nodes are not recursively processed.","Turn the children of node <xml> into a dict, keyed by tag name.","def xml_children_as_dict(node):
","```python
def xml_children_as_dict(node):
    """"""
    Convierte los hijos del nodo <xml> en un diccionario, donde las claves son los nombres de las etiquetas.

    Esta es solo una conversión superficial: los nodos hijos no se procesan de manera recursiva.
    """"""
```","def xml_children_as_dict(node):
""""""
    Convierte los hijos del nodo <xml> en un diccionario, donde las claves son los nombres de las etiquetas.

    Esta es solo una conversión superficial: los nodos hijos no se procesan de manera recursiva.
""""""","['RemoveProgrammingLanguageContext', 'RemoveEnrichedTextAdditions']","def xml_children_as_dict(node):
    """"""
    Convierte los hijos del nodo <xml> en un diccionario, donde las claves son los nombres de las etiquetas.

    Esta es solo una conversión superficial: los nodos hijos no se procesan de manera recursiva.
    """"""
    return {child.tag: child for child in node}"
6306299052e177c0ba469fe8,"Check whether sender_handle is the same as entity_handle. If yes, return True. Otherwise, return False.
def check_sender_and_entity_handle_match(sender_handle, entity_handle):

Ensure that sender and entity handles match.

Basically we've already verified the sender is who they say when receiving the payload. However, the sender might
be trying to set another author in the payload itself, since Diaspora has the sender in both the payload headers
AND the object. We must ensure they're the same.","Check whether sender_handle is the same as entity_handle. If yes, return True. Otherwise, return False.","def check_sender_and_entity_handle_match(sender_handle, entity_handle):
","Verifica si `sender_handle` es igual a `entity_handle`. Si es así, devuelve `True`. De lo contrario, devuelve `False`.

```python
def check_sender_and_entity_handle_match(sender_handle, entity_handle):
```

Asegúrate de que los identificadores del remitente (`sender_handle`) y de la entidad (`entity_handle`) coincidan.

Básicamente, ya hemos verificado que el remitente es quien dice ser al recibir la carga útil (payload). Sin embargo, el remitente podría estar intentando establecer otro autor en la propia carga útil, ya que Diaspora incluye al remitente tanto en los encabezados de la carga útil como en el objeto. Debemos asegurarnos de que sean iguales.","def check_sender_and_entity_handle_match(sender_handle, entity_handle):
""""""
Asegúrate de que los identificadores del remitente y de la entidad coincidan.

Básicamente, ya hemos verificado que el remitente es quien dice ser al recibir la carga útil (payload). Sin embargo, el remitente podría estar intentando establecer otro autor en la propia carga útil, ya que Diaspora incluye al remitente tanto en los encabezados de la carga útil como en el objeto. Debemos asegurarnos de que sean iguales.
""""""","['RemoveExtraContext', 'RemoveProgrammingLanguageContext']","def check_sender_and_entity_handle_match(sender_handle, entity_handle):
    """"""
    Asegúrate de que los identificadores del remitente y de la entidad coincidan.

    Básicamente, ya hemos verificado que el remitente es quien dice ser al recibir la carga útil (payload). Sin embargo, el remitente podría estar intentando establecer otro autor en la propia carga útil, ya que Diaspora incluye al remitente tanto en los encabezados de la carga útil como en el objeto. Debemos asegurarnos de que sean iguales.
    """"""
    return sender_handle == entity_handle"
630629b952e177c0ba46a043,"Returns a formatted dictionary, including information such as url and document_path.
def get_nodeinfo_well_known_document(url, document_path=None):

Generate a NodeInfo .well-known document.

See spec: http://nodeinfo.diaspora.software

:arg url: The full base url with protocol, ie https://example.com
:arg document_path: Custom NodeInfo document path if supplied (optional)
:returns: dict","Returns a formatted dictionary, including information such as url and document_path.","def get_nodeinfo_well_known_document(url, document_path=None):
","Devuelve un diccionario formateado, que incluye información como la URL y la ruta del documento.

```python
def get_nodeinfo_well_known_document(url, document_path=None):
```

Genera un documento .well-known de NodeInfo.

Consulta la especificación: [http://nodeinfo.diaspora.software](http://nodeinfo.diaspora.software)

**Argumentos:**
- **url**: La URL base completa con protocolo, por ejemplo, `https://example.com`.
- **document_path**: Ruta personalizada para el documento NodeInfo si se proporciona (opcional).

**Devuelve:**  
Un diccionario (`dict`).","def get_nodeinfo_well_known_document(url, document_path=None):
""""""
Genera un documento .well-known de NodeInfo.

Consulta la especificación: [http://nodeinfo.diaspora.software](http://nodeinfo.diaspora.software)

:arg url: La URL base completa con protocolo, por ejemplo, `https://example.com`.
:arg document_path: Ruta personalizada para el documento NodeInfo si se proporciona (opcional).

:returns:
Un diccionario (`dict`).
""""""","['RemoveEnrichedTextAdditions', 'RemoveProgrammingLanguageContext']","def get_nodeinfo_well_known_document(url, document_path=None):
    """"""
    Genera un documento .well-known de NodeInfo.

    Consulta la especificación: [http://nodeinfo.diaspora.software](http://nodeinfo.diaspora.software)

    :arg url: La URL base completa con protocolo, por ejemplo, `https://example.com`.
    :arg document_path: Ruta personalizada para el documento NodeInfo si se proporciona (opcional).

    :returns:
    Un diccionario (`dict`).
    """"""
    nodeinfo_document = {
        ""links"": [
            {
                ""rel"": ""http://nodeinfo.diaspora.software/ns/schema/2.0"",
                ""href"": f""{url}/{document_path or '.well-known/nodeinfo'}""
            }
        ]
    }
    return nodeinfo_document"
630629d052e177c0ba46a0a1,"def verify_relayable_signature(public_key, doc, signature):

Verify the signed XML elements to have confidence that the claimed
author did actually generate this message.","Verify the signed XML elements to have confidence that the claimed
author did actually generate this message.","def verify_relayable_signature(public_key, doc, signature):
","```python
def verificar_firma_reenviable(clave_publica, documento, firma):

    Verifica los elementos XML firmados para tener confianza de que el autor 
    declarado realmente generó este mensaje.
```","def verificar_firma_reenviable(clave_publica, documento, firma):
""""""
    Verifica los elementos XML firmados para tener confianza de que el autor declarado realmente generó este mensaje.
""""""",['RemoveProgrammingLanguageContext'],"def verificar_firma_reenviable(clave_publica, documento, firma):
    """"""
    Verifica los elementos XML firmados para tener confianza de que el autor declarado realmente generó este mensaje.
    """"""
    from lxml import etree
    from xmlsec import SignatureContext, Key, constants

    # Cargar el documento XML
    doc = etree.fromstring(documento)

    # Crear un contexto de firma
    ctx = SignatureContext()

    # Cargar la clave pública
    key = Key.from_string(clave_publica, constants.KeyDataFormatPem, constants.KeyTypePublic)
    ctx.key = key

    # Verificar la firma
    try:
        ctx.verify(firma)
        return True
    except Exception as e:
        print(f""Error al verificar la firma: {e}"")
        return False"
630629e052e177c0ba46a0c4,"The webfinger is obtained by reading the document in JSON format, the value of hcard_url in the webfinger is the value of href in links in the document.
def parse_diaspora_webfinger(document: str) -> Dict:

Parse Diaspora webfinger which is either in JSON format (new) or XRD (old).

https://diaspora.github.io/diaspora_federation/discovery/webfinger.html","The webfinger is obtained by reading the document in JSON format, the value of hcard_url in the webfinger is the value of href in links in the document.","def parse_diaspora_webfinger(document: str) -> Dict:
","El webfinger se obtiene leyendo el documento en formato JSON, el valor de `hcard_url` en el webfinger es el valor de `href` en los enlaces del documento.

```python
def parse_diaspora_webfinger(document: str) -> Dict:
```

Analiza el webfinger de Diaspora, que puede estar en formato JSON (nuevo) o en formato XRD (antiguo).

[https://diaspora.github.io/diaspora_federation/discovery/webfinger.html](https://diaspora.github.io/diaspora_federation/discovery/webfinger.html)","def parse_diaspora_webfinger(document: str) -> Dict:
""""""
Analiza el webfinger de Diaspora, que puede estar en formato JSON (nuevo) o en formato XRD (antiguo).

[https://diaspora.github.io/diaspora_federation/discovery/webfinger.html](https://diaspora.github.io/diaspora_federation/discovery/webfinger.html)
""""""","['RemoveProgrammingLanguageContext', 'AddQuotesForEnglishWordsInText']","from typing import Dict
import json
import xml.etree.ElementTree as ET

def parse_diaspora_webfinger(document: str) -> Dict:
    """"""
    Analiza el webfinger de Diaspora, que puede estar en formato JSON (nuevo) o en formato XRD (antiguo).

    [https://diaspora.github.io/diaspora_federation/discovery/webfinger.html](https://diaspora.github.io/diaspora_federation/discovery/webfinger.html)
    """"""
    try:
        # Try to parse the document as JSON
        return json.loads(document)
    except json.JSONDecodeError:
        # If JSON parsing fails, try to parse it as XML (XRD)
        root = ET.fromstring(document)
        result = {}
        for child in root:
            result[child.tag] = child.text
        return result"
630629e152e177c0ba46a0d1,"def try_retrieve_webfinger_document(handle: str) -> Optional[str]:

Try to retrieve an RFC7033 webfinger document. Does not raise if it fails.",Try to retrieve an RFC7033 webfinger document. Does not raise if it fails.,"def try_retrieve_webfinger_document(handle: str) -> Optional[str]:
","```python
def try_retrieve_webfinger_document(handle: str) -> Optional[str]:
    """"""
    Intenta recuperar un documento webfinger conforme a RFC7033. 
    No genera una excepción si falla.
    """"""
```","def try_retrieve_webfinger_document(handle: str) -> Optional[str]:
""""""
    Intenta recuperar un documento webfinger conforme a RFC7033. 
    No genera una excepción si falla.
""""""","['RemoveProgrammingLanguageContext', 'RemoveEnrichedTextAdditions']","from typing import Optional
import requests

def try_retrieve_webfinger_document(handle: str) -> Optional[str]:
    """"""
    Intenta recuperar un documento webfinger conforme a RFC7033. 
    No genera una excepción si falla.
    """"""
    try:
        response = requests.get(f""https://webfinger.example.com/whois?resource=acct:{handle}"")
        if response.status_code == 200:
            return response.text
    except requests.RequestException:
        pass
    return None"
630629e152e177c0ba46a0d2,"def retrieve_and_parse_diaspora_webfinger(handle):

Retrieve a and parse a remote Diaspora webfinger document.

:arg handle: Remote handle to retrieve
:returns: dict","Retrieve a and parse a remote Diaspora webfinger document.

:arg handle: Remote handle to retrieve
:returns: dict","def retrieve_and_parse_diaspora_webfinger(handle):
","```python
def retrieve_and_parse_diaspora_webfinger(handle):
    """"""
    Recupera y analiza un documento webfinger remoto de Diaspora.

    :arg handle: Identificador remoto a recuperar
    :returns: dict
    """"""
```","def retrieve_and_parse_diaspora_webfinger(handle):
""""""
    Recupera y analiza un documento ""webfinger"" remoto de Diaspora.

    :arg handle: Identificador remoto a recuperar
    :returns: dict
""""""","['RemoveProgrammingLanguageContext', 'AddQuotesForEnglishWordsInText', 'RemoveEnrichedTextAdditions']","import requests

def retrieve_and_parse_diaspora_webfinger(handle):
    """"""
    Recupera y analiza un documento ""webfinger"" remoto de Diaspora.

    :arg handle: Identificador remoto a recuperar
    :returns: dict
    """"""
    url = f""https://{handle}/.well-known/webfinger?resource=acct:{handle}""
    response = requests.get(url)
    
    if response.status_code == 200:
        return response.json()
    else:
        response.raise_for_status()"
630629e252e177c0ba46a0d6,"def retrieve_diaspora_host_meta(host):

Retrieve a remote Diaspora host-meta document.

:arg host: Host to retrieve from
:returns: ``XRD`` instance","Retrieve a remote Diaspora host-meta document.

:arg host: Host to retrieve from
:returns: ``XRD`` instance","def retrieve_diaspora_host_meta(host):
","```python
def retrieve_diaspora_host_meta(host):
    """"""
    Recupera un documento host-meta remoto de Diaspora.

    :arg host: Host del cual se recuperará el documento
    :returns: Instancia de ``XRD``
    """"""
```","def retrieve_diaspora_host_meta(host):
""""""
    Recupera un documento ""host-meta"" remoto de Diaspora.

    :arg host: Host del cual se recuperará el documento
    :returns: Instancia de ``XRD``
""""""
","['AddQuotesForEnglishWordsInText', 'RemoveProgrammingLanguageContext', 'RemoveEnrichedTextAdditions']","import requests
from lxml import etree

def retrieve_diaspora_host_meta(host):
    """"""
    Recupera un documento ""host-meta"" remoto de Diaspora.

    :arg host: Host del cual se recuperará el documento
    :returns: Instancia de ``XRD``
    """"""
    url = f""https://{host}/host-meta""
    response = requests.get(url)
    
    if response.status_code == 200:
        xrd = etree.fromstring(response.content)
        return xrd
    else:
        response.raise_for_status()"
630629e752e177c0ba46a0fb,"Send a response containing data through the POST method.
def send_document(url, data, timeout=10, method=""post"", *args, **kwargs):

Helper method to send a document via POST.

Additional ``*args`` and ``**kwargs`` will be passed on to ``requests.post``.

:arg url: Full url to send to, including protocol
:arg data: Dictionary (will be form-encoded), bytes, or file-like object to send in the body
:arg timeout: Seconds to wait for response (defaults to 10)
:arg method: Method to use, defaults to post
:returns: Tuple of status code (int or None) and error (exception class instance or None)",Send a response containing data through the POST method.,"def send_document(url, data, timeout=10, method=""post"", *args, **kwargs):
","Enviar una respuesta que contenga datos a través del método POST.

```python
def send_document(url, data, timeout=10, method=""post"", *args, **kwargs):
```

Método auxiliar para enviar un documento mediante POST.

Los parámetros adicionales ``*args`` y ``**kwargs`` se pasarán a ``requests.post``.

:arg url: URL completa a la que se enviará, incluyendo el protocolo  
:arg data: Diccionario (se codificará como formulario), bytes o un objeto similar a un archivo que se enviará en el cuerpo  
:arg timeout: Segundos a esperar por la respuesta (por defecto 10)  
:arg method: Método a utilizar, por defecto es POST  
:returns: Tupla que contiene el código de estado (int o None) y el error (instancia de la clase de excepción o None)  ","def send_document(url, data, timeout=10, method=""post"", *args, **kwargs):
""""""
Método auxiliar para enviar un documento mediante POST.

Los parámetros adicionales ``*args`` y ``**kwargs`` se pasarán a ``requests.post``.

:arg url: URL completa a la que se enviará, incluyendo el protocolo  
:arg data: Diccionario (se codificará como formulario), bytes o un objeto similar a un archivo que se enviará en el cuerpo  
:arg timeout: Segundos a esperar por la respuesta (por defecto 10)  
:arg method: Método a utilizar, por defecto es POST  
:returns: Tupla que contiene el código de estado (int o None) y el error (instancia de la clase de excepción o None)  
""""""",['RemoveProgrammingLanguageContext'],"def send_document(url, data, timeout=10, method=""post"", *args, **kwargs):
    """"""
    Método auxiliar para enviar un documento mediante POST.

    Los parámetros adicionales ``*args`` y ``**kwargs`` se pasarán a ``requests.post``.

    :arg url: URL completa a la que se enviará, incluyendo el protocolo  
    :arg data: Diccionario (se codificará como formulario), bytes o un objeto similar a un archivo que se enviará en el cuerpo  
    :arg timeout: Segundos a esperar por la respuesta (por defecto 10)  
    :arg method: Método a utilizar, por defecto es POST  
    :returns: Tupla que contiene el código de estado (int o None) y el error (instancia de la clase de excepción o None)  
    """"""
    import requests

    try:
        if method.lower() == ""post"":
            response = requests.post(url, data=data, timeout=timeout, *args, **kwargs)
        else:
            response = requests.request(method, url, data=data, timeout=timeout, *args, **kwargs)

        return response.status_code, None
    except Exception as e:
        return None, e"
6306091073426c38ae68acac,"def dict_insert(dic, val, key, *keys):

insert a value of a nested key into a dictionary

to insert value for a nested key, all ancestor keys should be given as
method's arguments

example:
  dict_insert({}, 'val', 'key1.key2'.split('.'))

:param dic: a dictionary object to insert the nested key value into
:param val: a value to insert to the given dictionary
:param key: first key in a chain of key that will store the value
:param keys: sub keys in the keys chain","insert a value of a nested key into a dictionary

to insert value for a nested key, all ancestor keys should be given as
method's arguments

example:
  dict_insert({}, 'val', 'key1.key2'.split('.'))

:param dic: a dictionary object to insert the nested key value into
:param val: a value to insert to the given dictionary
:param key: first key in a chain of key that will store the value
:param keys: sub keys in the keys chain","def dict_insert(dic, val, key, *keys):
","```python
def dict_insert(dic, val, key, *keys):
    """"""
    Inserta un valor en una clave anidada dentro de un diccionario.

    Para insertar un valor en una clave anidada, se deben proporcionar todas las claves 
    ancestrales como argumentos del método.

    Ejemplo:
      dict_insert({}, 'val', 'key1.key2'.split('.'))

    :param dic: un objeto diccionario donde se insertará el valor de la clave anidada.
    :param val: un valor que se insertará en el diccionario dado.
    :param key: la primera clave en una cadena de claves que almacenará el valor.
    :param keys: subclaves en la cadena de claves.
    """"""
```","def dict_insert(dic, val, key, *keys):
""""""
    Inserta un valor en una llave anidada dentro de un diccionario.

    Para insertar un valor en una llave anidada, se deben proporcionar todas las llaves previas como argumentos del método.

    Ejemplo:
      dict_insert({}, 'val', 'key1.key2'.split('.'))

    :param dic: un objeto diccionario donde se insertará el valor de la llave anidada.
    :param val: un valor que se insertará en el diccionario dado.
    :param key: la primera llave en una cadena de llaves que almacenará el valor.
    :param keys: subllaves en la cadena de llaves.
""""""
","['FixTranslation', 'RemoveProgrammingLanguageContext', 'RemoveEnrichedTextAdditions']","def dict_insert(dic, val, key, *keys):
    """"""
    Inserta un valor en una llave anidada dentro de un diccionario.

    Para insertar un valor en una llave anidada, se deben proporcionar todas las llaves previas como argumentos del método.

    Ejemplo:
      dict_insert({}, 'val', 'key1.key2'.split('.'))

    :param dic: un objeto diccionario donde se insertará el valor de la llave anidada.
    :param val: un valor que se insertará en el diccionario dado.
    :param key: la primera llave en una cadena de llaves que almacenará el valor.
    :param keys: subllaves en la cadena de llaves.
    """"""
    for k in (key,) + keys:
        if k not in dic:
            dic[k] = {}
        dic = dic[k]
    dic[keys[-1]] = val"
6306091a73426c38ae68acc8,"Create and return a new IniType complex type via cli.ListOfFileNames()
def list_of_file_names(settings_dirs, spec_option):

Create a new IniType complex type",Create and return a new IniType complex type via cli.ListOfFileNames(),"def list_of_file_names(settings_dirs, spec_option):
","Crear y devolver un nuevo tipo complejo IniType a través de `cli.ListOfFileNames()`

```python
def list_of_file_names(settings_dirs, spec_option):
    # Crear un nuevo tipo complejo IniType
```

Crea un nuevo tipo complejo IniType.","def list_of_file_names(settings_dirs, spec_option):
""""""
    # Crear un nuevo tipo complejo IniType

Crea un nuevo tipo complejo ""IniType"".
""""""","['AddQuotesForEnglishWordsInText', 'RemoveProgrammingLanguageContext']","def list_of_file_names(settings_dirs, spec_option):
    """"""
    # Crear un nuevo tipo complejo IniType

    Crea un nuevo tipo complejo ""IniType"".
    """"""
    class IniType:
        def __init__(self, settings_dirs, spec_option):
            self.settings_dirs = settings_dirs
            self.spec_option = spec_option

        def get_file_names(self):
            file_names = []
            for directory in self.settings_dirs:
                try:
                    files = os.listdir(directory)
                    file_names.extend(files)
                except FileNotFoundError:
                    continue
            return file_names

    ini_instance = IniType(settings_dirs, spec_option)
    return ini_instance.get_file_names()"
6306091b73426c38ae68acd7,"Gets the ansible config manager via ServiceName.ANSIBLE_CONFIG_MANAGER in cls._get_service()
def ansible_config_manager(cls):

Gets the ansible config manager.",Gets the ansible config manager via ServiceName.ANSIBLE_CONFIG_MANAGER in cls._get_service(),"def ansible_config_manager(cls):
","Obtiene el administrador de configuración de Ansible a través de ServiceName.ANSIBLE_CONFIG_MANAGER en cls._get_service()  
def ansible_config_manager(cls):  

Obtiene el administrador de configuración de Ansible.","def ansible_config_manager(cls):  
""""""
Obtiene el administrador de configuración de Ansible.
""""""",[''],"def ansible_config_manager(cls):  
    """"""
    Obtiene el administrador de configuración de Ansible.
    """"""
    # Aquí se implementa la lógica para obtener el administrador de configuración de Ansible
    from ansible.parsing.dataloader import DataLoader
    from ansible.vars.manager import VariableManager
    from ansible.inventory.manager import InventoryManager
    from ansible.playbook.play import Play
    from ansible.executor.task_queue_manager import TaskQueueManager
    from ansible.utils.display import Display

    display = Display()
    loader = DataLoader()
    inventory = InventoryManager(loader=loader, sources='path/to/inventory')
    variable_manager = VariableManager(loader=loader, inventory=inventory)

    return {
        'loader': loader,
        'inventory': inventory,
        'variable_manager': variable_manager,
        'display': display
    }"
6306091b73426c38ae68acd9,"Gets the workspace manager via ServiceName.WORKSPACE_MANAGER in cls._get_service()
def workspace_manager(cls):

Gets the workspace manager.",Gets the workspace manager via ServiceName.WORKSPACE_MANAGER in cls._get_service(),"def workspace_manager(cls):
","Obtiene el gestor de espacios de trabajo a través de ServiceName.WORKSPACE_MANAGER en cls._get_service()
def workspace_manager(cls):

Obtiene el gestor de espacios de trabajo.","def workspace_manager(cls):
""""""
Obtiene el gestor de espacios de trabajo.
""""""",[''],"def workspace_manager(cls):
    """"""
    Obtiene el gestor de espacios de trabajo.
    """"""
    # Assuming cls is a class that has a method to get the workspace manager
    return cls.get_workspace_manager()"
6306091b73426c38ae68acda,"Gets the plugin manager via ServiceName.PLUGINS_MANAGER in cls._get_service()
def plugins_manager(cls):

Gets the plugin manager.",Gets the plugin manager via ServiceName.PLUGINS_MANAGER in cls._get_service(),"def plugins_manager(cls):
","Obtiene el gestor de plugins a través de ServiceName.PLUGINS_MANAGER en cls._get_service()
def plugins_manager(cls):

Obtiene el gestor de plugins.","def plugins_manager(cls):
""""""
Obtiene el gestor de plugins.
""""""",[''],"def plugins_manager(cls):
    """"""
    Obtiene el gestor de plugins.
    """"""
    # Assuming we have a PluginManager class that handles plugins
    if not hasattr(cls, '_plugin_manager'):
        cls._plugin_manager = PluginManager()
    return cls._plugin_manager"
6306091c73426c38ae68acdc,"def validate_from_content(cls, spec_content=None):

validates that spec (YAML) content has all required fields

:param spec_content: content of spec file
:raise IRValidatorException: when mandatory data
is missing in spec file
:return: Dictionary with data loaded from a spec (YAML) file","validates that spec (YAML) content has all required fields

:param spec_content: content of spec file
:raise IRValidatorException: when mandatory data
is missing in spec file
:return: Dictionary with data loaded from a spec (YAML) file","def validate_from_content(cls, spec_content=None):
","```python
def validate_from_content(cls, spec_content=None):
    """"""
    Valida que el contenido del archivo spec (YAML) tenga todos los campos requeridos.

    :param spec_content: contenido del archivo spec
    :raise IRValidatorException: cuando faltan datos obligatorios
    en el archivo spec
    :return: Diccionario con los datos cargados desde un archivo spec (YAML)
    """"""
```","def validate_from_content(cls, spec_content=None):
""""""
    Valida que el contenido del archivo spec (YAML) tenga todos los campos requeridos.

    :param spec_content: contenido del archivo spec
    :raise IRValidatorException: cuando faltan datos obligatorios
    en el archivo spec
    :return: Diccionario con los datos cargados desde un archivo spec (YAML)
""""""","['RemoveProgrammingLanguageContext', 'RemoveEnrichedTextAdditions']","def validate_from_content(cls, spec_content=None):
    """"""
    Valida que el contenido del archivo spec (YAML) tenga todos los campos requeridos.

    :param spec_content: contenido del archivo spec
    :raise IRValidatorException: cuando faltan datos obligatorios
    en el archivo spec
    :return: Diccionario con los datos cargados desde un archivo spec (YAML)
    """"""
    import yaml

    required_fields = ['field1', 'field2', 'field3']  # Replace with actual required fields
    if spec_content is None:
        raise IRValidatorException(""El contenido del archivo spec no puede ser None."")

    try:
        data = yaml.safe_load(spec_content)
    except yaml.YAMLError as e:
        raise IRValidatorException(f""Error al cargar el contenido YAML: {e}"")

    missing_fields = [field for field in required_fields if field not in data]
    if missing_fields:
        raise IRValidatorException(f""Faltan los siguientes campos obligatorios: {', '.join(missing_fields)}"")

    return data"
6306091c73426c38ae68acdd,"def validate_from_file(cls, yaml_file=None):

Loads & validates that a YAML file has all required fields

:param yaml_file: Path to YAML file
:raise IRValidatorException: when mandatory data is missing in file
:return: Dictionary with data loaded from a YAML file","Loads & validates that a YAML file has all required fields

:param yaml_file: Path to YAML file
:raise IRValidatorException: when mandatory data is missing in file
:return: Dictionary with data loaded from a YAML file","def validate_from_file(cls, yaml_file=None):
","```python
def validate_from_file(cls, yaml_file=None):
    """"""
    Carga y valida que un archivo YAML contenga todos los campos requeridos.

    :param yaml_file: Ruta al archivo YAML
    :raise IRValidatorException: cuando faltan datos obligatorios en el archivo
    :return: Diccionario con los datos cargados desde un archivo YAML
    """"""
```","
def validate_from_file(cls, yaml_file=None):
""""""
    Carga y valida que un archivo YAML contenga todos los campos requeridos.

    :param yaml_file: Ruta al archivo YAML
    :raise IRValidatorException: cuando faltan datos obligatorios en el archivo
    :return: Diccionario con los datos cargados desde un archivo YAML
""""""","['RemoveProgrammingLanguageContext', 'RemoveEnrichedTextAdditions']","def validate_from_file(cls, yaml_file=None):
    """"""
    Carga y valida que un archivo YAML contenga todos los campos requeridos.

    :param yaml_file: Ruta al archivo YAML
    :raise IRValidatorException: cuando faltan datos obligatorios en el archivo
    :return: Diccionario con los datos cargados desde un archivo YAML
    """"""
    import yaml
    from pathlib import Path

    required_fields = cls.get_required_fields()  # Assuming this method exists in the class
    if yaml_file is None:
        raise ValueError(""El archivo YAML no puede ser None"")

    yaml_path = Path(yaml_file)
    if not yaml_path.is_file():
        raise FileNotFoundError(f""El archivo {yaml_file} no existe"")

    with open(yaml_path, 'r') as file:
        data = yaml.safe_load(file)

    missing_fields = [field for field in required_fields if field not in data]
    if missing_fields:
        raise IRValidatorException(f""Faltan los siguientes campos obligatorios: {', '.join(missing_fields)}"")

    return data"
6306091d73426c38ae68ace5,"def _include_groups(self, parser_dict):

Resolves the include dict directive in the spec files.",Resolves the include dict directive in the spec files.,"def _include_groups(self, parser_dict):
","def _include_groups(self, parser_dict):

Resuelve la directiva de inclusión del diccionario en los archivos de especificación.","def _include_groups(self, parser_dict):
""""""
Resuelve la directiva de inclusión del diccionario en los archivos de especificación.
""""""",[''],"def _include_groups(self, parser_dict):
    """"""
    Resuelve la directiva de inclusión del diccionario en los archivos de especificación.
    """"""
    included_groups = {}
    for key, value in parser_dict.items():
        if isinstance(value, dict) and 'include' in value:
            include_key = value['include']
            if include_key in parser_dict:
                included_groups[key] = parser_dict[include_key]
            else:
                raise KeyError(f""Included key '{include_key}' not found in parser_dict."")
        else:
            included_groups[key] = value
    return included_groups"
6306092373426c38ae68acfa,"Resolve arguments' values from spec and other sources with self._get_defaults()
def get_spec_defaults(self):

Resolve arguments' values from spec and other sources.",Resolve arguments' values from spec and other sources with self._get_defaults(),"def get_spec_defaults(self):
","Resolver los valores de los argumentos desde la especificación y otras fuentes con self._get_defaults()  
def get_spec_defaults(self):  

Resolver los valores de los argumentos desde la especificación y otras fuentes.","def get_spec_defaults(self):  
""""""
Resolver los valores de los argumentos desde la especificación y otras fuentes.
""""""",[''],"def get_spec_defaults(self):  
    """"""
    Resolver los valores de los argumentos desde la especificación y otras fuentes.
    """"""
    defaults = {}
    # Aquí se pueden agregar las especificaciones y otras fuentes de valores
    # Por ejemplo, se puede obtener valores de un archivo de configuración, 
    # variables de entorno, o valores predeterminados definidos en la clase.
    
    # Ejemplo de cómo se podrían establecer algunos valores predeterminados
    defaults['arg1'] = self.spec.get('arg1', 'default_value1')
    defaults['arg2'] = self.spec.get('arg2', 'default_value2')
    
    # Agregar lógica adicional según sea necesario para resolver otros valores
    return defaults"
6306092973426c38ae68ad01,"Returning dict with options which deprecate others. options from self.spec_helper.iterate_option_specs()
def get_deprecated_args(self):

Returning dict with options which deprecate others.",Returning dict with options which deprecate others. options from self.spec_helper.iterate_option_specs(),"def get_deprecated_args(self):
","Devolviendo un diccionario con opciones que deprecian a otras. Opciones provenientes de `self.spec_helper.iterate_option_specs()`  
```python
def get_deprecated_args(self):
    # Devolviendo un diccionario con opciones que deprecian a otras.
```","def get_deprecated_args(self):
""""""
Devolviendo un diccionario con opciones que deprecian a otras.
""""""","['RemoveProgrammingLanguageContext', 'RemoveEnrichedTextAdditions']","def get_deprecated_args(self):
    """"""
    Devolviendo un diccionario con opciones que deprecian a otras.
    """"""
    return {
        'old_option_1': 'new_option_1',
        'old_option_2': 'new_option_2',
        'old_option_3': 'new_option_3',
    }"
6306092c73426c38ae68ad02,"def validate_arg_deprecation(self, cli_args, answer_file_args):

Validates and prints the deprecated arguments.

:param cli_args: the dict of arguments from cli
:param answer_file_args:  the dict of arguments from files","Validates and prints the deprecated arguments.

:param cli_args: the dict of arguments from cli
:param answer_file_args:  the dict of arguments from files","def validate_arg_deprecation(self, cli_args, answer_file_args):
","```python
def validate_arg_deprecation(self, cli_args, answer_file_args):
    """"""
    Valida y muestra los argumentos obsoletos.

    :param cli_args: el diccionario de argumentos provenientes de la línea de comandos (CLI)
    :param answer_file_args: el diccionario de argumentos provenientes de archivos
    """"""
```","def validate_arg_deprecation(self, cli_args, answer_file_args):
""""""
    Valida y muestra los argumentos obsoletos.

    :param cli_args: el diccionario de argumentos provenientes de la línea de comandos (CLI)
    :param answer_file_args: el diccionario de argumentos provenientes de archivos
""""""","['RemoveProgrammingLanguageContext', 'RemoveEnrichedTextAdditions']","def validate_arg_deprecation(self, cli_args, answer_file_args):
    """"""
    Valida y muestra los argumentos obsoletos.

    :param cli_args: el diccionario de argumentos provenientes de la línea de comandos (CLI)
    :param answer_file_args: el diccionario de argumentos provenientes de archivos
    """"""
    deprecated_args = {
        'old_arg1': 'Use new_arg1 instead.',
        'old_arg2': 'Use new_arg2 instead.',
        # Add more deprecated arguments as needed
    }

    for arg in deprecated_args.keys():
        if arg in cli_args:
            print(f""Warning: '{arg}' is deprecated. {deprecated_args[arg]}"")
        if arg in answer_file_args:
            print(f""Warning: '{arg}' is deprecated. {deprecated_args[arg]}"")"
6306092d73426c38ae68ad04,"def get_parser_option_specs(self, command_name):

Gets all the options for the specified command

:param command_name: the command name (main, virsh, ospd, etc...)
:return: the list of all command options","Gets all the options for the specified command

:param command_name: the command name (main, virsh, ospd, etc...)
:return: the list of all command options","def get_parser_option_specs(self, command_name):
","```python
def get_parser_option_specs(self, command_name):

Obtiene todas las opciones para el comando especificado.

:param command_name: el nombre del comando (main, virsh, ospd, etc...)
:return: la lista de todas las opciones del comando
```","def get_parser_option_specs(self, command_name):
""""""
Obtiene todas las opciones para el comando especificado.

:param command_name: el nombre del comando (main, virsh, ospd, etc...)
:return: la lista de todas las opciones del comando
""""""",['RemoveProgrammingLanguageContext'],"def get_parser_option_specs(self, command_name):
    """"""
    Obtiene todas las opciones para el comando especificado.

    :param command_name: el nombre del comando (main, virsh, ospd, etc...)
    :return: la lista de todas las opciones del comando
    """"""
    options = {
        'main': ['--help', '--version', '--verbose'],
        'virsh': ['--connect', '--list', '--start', '--shutdown'],
        'ospd': ['--config', '--status', '--restart'],
    }
    
    return options.get(command_name, [])"
6306092d73426c38ae68ad05,"Gets the specification for the specified option name. Get options of the given command_name with self.get_parser_option_specs()
def get_option_spec(self, command_name, argument_name):

Gets the specification for the specified option name.",Gets the specification for the specified option name. Get options of the given command_name with self.get_parser_option_specs(),"def get_option_spec(self, command_name, argument_name):
","Obtiene la especificación para el nombre de opción especificado. Obtén las opciones del comando dado `command_name` con `self.get_parser_option_specs()`.

```python
def get_option_spec(self, command_name, argument_name):
```

Obtiene la especificación para el nombre de opción especificado.","def get_option_spec(self, command_name, argument_name):
""""""
Obtiene la especificación para el nombre de opción especificado.
""""""","['RemoveProgrammingLanguageContext', 'FixTranslation']","def get_option_spec(self, command_name, argument_name):
    """"""
    Obtiene la especificación para el nombre de opción especificado.
    """"""
    # Aquí se asume que hay un diccionario que contiene las especificaciones de las opciones
    option_specs = {
        'command1': {
            'arg1': {'type': 'string', 'required': True},
            'arg2': {'type': 'int', 'required': False}
        },
        'command2': {
            'arg1': {'type': 'bool', 'required': True},
            'arg2': {'type': 'string', 'required': True}
        }
    }
    
    # Verificar si el comando existe
    if command_name in option_specs:
        # Verificar si el argumento existe
        if argument_name in option_specs[command_name]:
            return option_specs[command_name][argument_name]
    
    # Si no se encuentra la especificación, devolver None o lanzar una excepción
    return None"
6306092d73426c38ae68ad06,"def get_silent_args(self, args):

list of silenced argument

:param args: The received arguments.
:return: list, slienced argument names","list of silenced argument

:param args: The received arguments.
:return: list, slienced argument names","def get_silent_args(self, args):
","```python
def get_silent_args(self, args):
    """"""
    Lista de argumentos silenciados.

    :param args: Los argumentos recibidos.
    :return: lista, nombres de los argumentos silenciados.
    """"""
```","def get_silent_args(self, args):
""""""
    Lista de argumentos silenciados.

    :param args: Los argumentos recibidos.
    :return: lista, nombres de los argumentos silenciados.
""""""","['RemoveProgrammingLanguageContext', 'RemoveEnrichedTextAdditions']","def get_silent_args(self, args):
    """"""
    Lista de argumentos silenciados.

    :param args: Los argumentos recibidos.
    :return: lista, nombres de los argumentos silenciados.
    """"""
    silent_args = []
    for arg in args:
        if arg.startswith('_'):
            silent_args.append(arg)
    return silent_args"
6306092d73426c38ae68ad07,"def validate_requires_args(self, args):

Check if all the required arguments have been provided.",Check if all the required arguments have been provided.,"def validate_requires_args(self, args):
","```python
def validar_argumentos_requeridos(self, args):
    """"""
    Verifica si se han proporcionado todos los argumentos requeridos.
    """"""
```","def validar_argumentos_requeridos(self, args):
""""""
    Verifica si se han proporcionado todos los argumentos requeridos.
""""""","['RemoveProgrammingLanguageContext', 'RemoveEnrichedTextAdditions']","def validar_argumentos_requeridos(self, args):
    """"""
    Verifica si se han proporcionado todos los argumentos requeridos.
    """"""
    required_args = self.get_required_args()  # Supongamos que hay un método que devuelve los argumentos requeridos
    missing_args = [arg for arg in required_args if arg not in args]
    
    if missing_args:
        raise ValueError(f""Faltan los siguientes argumentos requeridos: {', '.join(missing_args)}"")
    
    return True"
6306092d73426c38ae68ad08,"def _get_conditionally_required_args(self, command_name, options_spec,
                                         args):

List arguments with ``required_when`` condition matched.

:param command_name: the command name.
:param options_spec:  the list of command spec options.
:param args: the received input arguments
:return: list, list of argument names with matched ``required_when``
    condition","List arguments with ``required_when`` condition matched.

:param command_name: the command name.
:param options_spec:  the list of command spec options.
:param args: the received input arguments
:return: list, list of argument names with matched ``required_when``
    condition","def _get_conditionally_required_args(self, command_name, options_spec,
                                         args):
","def _get_conditionally_required_args(self, command_name, options_spec,
                                         args):

Lista los argumentos con la condición ``required_when`` que coincide.

:param command_name: el nombre del comando.
:param options_spec: la lista de opciones de especificación del comando.
:param args: los argumentos de entrada recibidos.
:return: list, lista de nombres de argumentos que coinciden con la condición ``required_when``.","def _get_conditionally_required_args(self, command_name, options_spec, args):
""""""
Lista los argumentos con la condición ``required_when`` que coincide.

:param command_name: el nombre del comando.
:param options_spec: la lista de opciones de especificación del comando.
:param args: los argumentos de entrada recibidos.
:return: list, lista de nombres de argumentos que coinciden con la condición ``required_when``.
""""""",[''],"def _get_conditionally_required_args(self, command_name, options_spec, args):
    """"""
    Lista los argumentos con la condición ``required_when`` que coincide.

    :param command_name: el nombre del comando.
    :param options_spec: la lista de opciones de especificación del comando.
    :param args: los argumentos de entrada recibidos.
    :return: list, lista de nombres de argumentos que coinciden con la condición ``required_when``.
    """"""
    required_args = []
    
    for option in options_spec:
        if 'required_when' in option:
            condition = option['required_when']
            if condition(args):
                required_args.append(option['name'])
    
    return required_args"
6306092e73426c38ae68ad09,"Check if value of the given args is not longer than length specified. \n:param args: The received arguments.
def validate_length_args(self, args):

Check if value of arguments is not longer than length specified.

:param args: The received arguments.",Check if value of the given args is not longer than length specified. \n:param args: The received arguments.,"def validate_length_args(self, args):
","Verifica si el valor de los argumentos dados no supera la longitud especificada.  
:param args: Los argumentos recibidos.  

```python
def validate_length_args(self, args):
    """"""
    Verifica si el valor de los argumentos no supera la longitud especificada.

    :param args: Los argumentos recibidos.
    """"""
```","def validate_length_args(self, args):
""""""
    Verifica si el valor de los argumentos no supera la longitud especificada.

    :param args: Los argumentos recibidos.
""""""","['RemoveProgrammingLanguageContext', 'RemoveEnrichedTextAdditions']","def validate_length_args(self, args):
    """"""
    Verifica si el valor de los argumentos no supera la longitud especificada.

    :param args: Los argumentos recibidos.
    """"""
    max_length = 100  # Longitud máxima permitida
    for arg in args:
        if len(arg) > max_length:
            raise ValueError(f""El argumento '{arg}' supera la longitud máxima de {max_length}."")
    return True"
6306092e73426c38ae68ad0a,"Check if value of the given args is one of the available choices. \n:param args: The received arguments.
def validate_choices_args(self, args):

Check if value of choice arguments is one of the available choices.

:param args: The received arguments.",Check if value of the given args is one of the available choices. \n:param args: The received arguments.,"def validate_choices_args(self, args):
","Verifica si el valor de los argumentos proporcionados es una de las opciones disponibles.  
:param args: Los argumentos recibidos.  
def validate_choices_args(self, args):  

Verifica si el valor de los argumentos de elección es una de las opciones disponibles.  

:param args: Los argumentos recibidos.  ","def validate_choices_args(self, args):  
""""""
Verifica si el valor de los argumentos de elección es una de las opciones disponibles.  

:param args: Los argumentos recibidos.  
""""""",[''],"def validate_choices_args(self, args):  
    """"""
    Verifica si el valor de los argumentos de elección es una de las opciones disponibles.  

    :param args: Los argumentos recibidos.  
    """"""
    available_choices = self.get_available_choices()  # Assuming there's a method to get available choices
    for arg in args:
        if arg not in available_choices:
            raise ValueError(f""Invalid choice: {arg}. Available choices are: {available_choices}"")"
6306092e73426c38ae68ad0b,"Check if value of the given args is between minimum and maximum values
def validate_min_max_args(self, args):

Check if value of arguments is between minimum and maximum values.

:param args: The received arguments.",Check if value of the given args is between minimum and maximum values,"def validate_min_max_args(self, args):
","Verificar si el valor de los argumentos dados está entre los valores mínimo y máximo  
```python
def validate_min_max_args(self, args):
```

Verifica si el valor de los argumentos está entre los valores mínimo y máximo.

:param args: Los argumentos recibidos.","def validate_min_max_args(self, args):
""""""

Verifica si el valor de los argumentos está entre los valores mínimo y máximo.

:param args: Los argumentos recibidos.
""""""",['RemoveProgrammingLanguageContext'],"def validate_min_max_args(self, args):
    """"""
    Verifica si el valor de los argumentos está entre los valores mínimo y máximo.

    :param args: Los argumentos recibidos.
    """"""
    min_value = self.min_value  # Suponiendo que min_value es un atributo de la clase
    max_value = self.max_value  # Suponiendo que max_value es un atributo de la clase

    for arg in args:
        if not (min_value <= arg <= max_value):
            return False
    return True"
6306092e73426c38ae68ad0d,"Returns the corresponding function in COMPLEX_TYPES based on type_name and returns the result obtained by complex_action after option_name,(self.vars, self.defaults, self.plugin_path), subcommand, spec_option) is input.
def create_complex_argumet_type(self, subcommand, type_name, option_name,
                                    spec_option):

Build the complex argument type

:param subcommand: the command name
:param type_name: the complex type name
:param option_name: the option name
:param spec_option: option's specifications
:return: the complex type instance","Returns the corresponding function in COMPLEX_TYPES based on type_name and returns the result obtained by complex_action after option_name,(self.vars, self.defaults, self.plugin_path), subcommand, spec_option) is input.","def create_complex_argumet_type(self, subcommand, type_name, option_name,
                                    spec_option):
","Devuelve la función correspondiente en COMPLEX_TYPES basada en `type_name` y retorna el resultado obtenido por `complex_action` después de que se ingresen `option_name`, `(self.vars, self.defaults, self.plugin_path)`, `subcommand`, y `spec_option`.

```python
def create_complex_argument_type(self, subcommand, type_name, option_name,
                                 spec_option):
    """"""
    Construye el tipo de argumento complejo.

    :param subcommand: el nombre del comando
    :param type_name: el nombre del tipo complejo
    :param option_name: el nombre de la opción
    :param spec_option: las especificaciones de la opción
    :return: la instancia del tipo complejo
    """"""
```","def create_complex_argument_type(self, subcommand, type_name, option_name, spec_option):
""""""
    Construye el tipo de argumento complejo.

    :param subcommand: el nombre del comando
    :param type_name: el nombre del tipo complejo
    :param option_name: el nombre de la opción
    :param spec_option: las especificaciones de la opción
    :return: la instancia del tipo complejo
""""""","['RemoveProgrammingLanguageContext', 'RemoveEnrichedTextAdditions']","def create_complex_argument_type(self, subcommand, type_name, option_name, spec_option):
    """"""
    Construye el tipo de argumento complejo.

    :param subcommand: el nombre del comando
    :param type_name: el nombre del tipo complejo
    :param option_name: el nombre de la opción
    :param spec_option: las especificaciones de la opción
    :return: la instancia del tipo complejo
    """"""
    class ComplexArgumentType:
        def __init__(self, name, specs):
            self.name = name
            self.specs = specs

        def __repr__(self):
            return f""<ComplexArgumentType name={self.name}, specs={self.specs}>""

    return ComplexArgumentType(type_name, spec_option)"
6306092e73426c38ae68ad0f,"def get_nested_custom_and_control_args(self, args):

Split input arguments to control nested and custom.

Controls arguments: control the IR behavior. These arguments
    will not be put into the spec yml file
Nested arguments: are used by the Ansible playbooks and will be put
    into the spec yml file.
Custom arguments: Custom ansible variables to be used instead of the
    normal nested usage.

:param args: the collected list of args.
:return: (dict, dict): flat dicts (control_args, nested_args)","Split input arguments to control nested and custom.

Controls arguments: control the IR behavior. These arguments
    will not be put into the spec yml file
Nested arguments: are used by the Ansible playbooks and will be put
    into the spec yml file.
Custom arguments: Custom ansible variables to be used instead of the
    normal nested usage.

:param args: the collected list of args.
:return: (dict, dict): flat dicts (control_args, nested_args)","def get_nested_custom_and_control_args(self, args):
","```python
def get_nested_custom_and_control_args(self, args):
    """"""
    Divide los argumentos de entrada en controlados, anidados y personalizados.

    Argumentos de control: controlan el comportamiento de IR. Estos argumentos
        no se incluirán en el archivo spec yml.
    Argumentos anidados: son utilizados por los playbooks de Ansible y se incluirán
        en el archivo spec yml.
    Argumentos personalizados: Variables personalizadas de Ansible que se usarán en lugar
        del uso normal de argumentos anidados.

    :param args: la lista recopilada de argumentos.
    :return: (dict, dict): diccionarios planos (control_args, nested_args)
    """"""
```","def get_nested_custom_and_control_args(self, args):
""""""
    Divide los argumentos de entrada en controlados, anidados y personalizados.

    Argumentos de control: controlan el comportamiento de IR. Estos argumentos no se incluirán en el archivo spec yml.
    Argumentos anidados: son utilizados por los playbooks de Ansible y se incluirán en el archivo spec yml.
    Argumentos personalizados: Variables personalizadas de Ansible que se usarán en lugar del uso normal de argumentos anidados.

    :param args: la lista recopilada de argumentos.
    :return: (dict, dict): diccionarios planos (control_args, nested_args)
""""""","['RemoveProgrammingLanguageContext', 'RemoveEnrichedTextAdditions']","def get_nested_custom_and_control_args(self, args):
    """"""
    Divide los argumentos de entrada en controlados, anidados y personalizados.

    Argumentos de control: controlan el comportamiento de IR. Estos argumentos no se incluirán en el archivo spec yml.
    Argumentos anidados: son utilizados por los playbooks de Ansible y se incluirán en el archivo spec yml.
    Argumentos personalizados: Variables personalizadas de Ansible que se usarán en lugar del uso normal de argumentos anidados.

    :param args: la lista recopilada de argumentos.
    :return: (dict, dict): diccionarios planos (control_args, nested_args)
    """"""
    control_args = {}
    nested_args = {}
    
    for arg in args:
        if isinstance(arg, dict):
            for key, value in arg.items():
                if key.startswith('custom_'):
                    control_args[key] = value
                else:
                    nested_args[key] = value
        else:
            control_args[arg] = None

    return control_args, nested_args"
6306092e73426c38ae68ad11,"def merge_extra_vars(vars_dict, extra_vars=None):

Extend ``vars_dict`` with ``extra-vars``

:param vars_dict: Dictionary to merge extra-vars into
:param extra_vars: List of extra-vars","Extend ``vars_dict`` with ``extra-vars``

:param vars_dict: Dictionary to merge extra-vars into
:param extra_vars: List of extra-vars","def merge_extra_vars(vars_dict, extra_vars=None):
","```python
def merge_extra_vars(vars_dict, extra_vars=None):
```

Extiende ``vars_dict`` con ``extra-vars``

:param vars_dict: Diccionario en el que se fusionarán las extra-vars  
:param extra_vars: Lista de extra-vars","def merge_extra_vars(vars_dict, extra_vars=None):
""""""
Extiende ``vars_dict`` con ``extra-vars``

:param vars_dict: Diccionario en el que se fusionarán las extra-vars  
:param extra_vars: Lista de extra-vars
""""""",['RemoveProgrammingLanguageContext'],"def merge_extra_vars(vars_dict, extra_vars=None):
    """"""
    Extiende ``vars_dict`` con ``extra-vars``

    :param vars_dict: Diccionario en el que se fusionarán las extra-vars  
    :param extra_vars: Lista de extra-vars
    """"""
    if extra_vars is None:
        return vars_dict
    
    for var in extra_vars:
        if isinstance(var, dict):
            vars_dict.update(var)
        else:
            raise ValueError(""Cada elemento en extra_vars debe ser un diccionario."")
    
    return vars_dict"
6306092f73426c38ae68ad13,"def ansible_playbook(ir_workspace, ir_plugin, playbook_path, verbose=None,
                     extra_vars=None, ansible_args=None):

Wraps the 'ansible-playbook' CLI.

:param ir_workspace: An Infrared Workspace object represents the active
workspace
:param ir_plugin: An InfraredPlugin object of the current plugin
:param playbook_path: the playbook to invoke
:param verbose: Ansible verbosity level
:param extra_vars: dict. Passed to Ansible as extra-vars
:param ansible_args: dict of ansible-playbook arguments to plumb down
    directly to Ansible.","Wraps the 'ansible-playbook' CLI.

:param ir_workspace: An Infrared Workspace object represents the active
workspace
:param ir_plugin: An InfraredPlugin object of the current plugin
:param playbook_path: the playbook to invoke
:param verbose: Ansible verbosity level
:param extra_vars: dict. Passed to Ansible as extra-vars
:param ansible_args: dict of ansible-playbook arguments to plumb down
    directly to Ansible.","def ansible_playbook(ir_workspace, ir_plugin, playbook_path, verbose=None,
                     extra_vars=None, ansible_args=None):
","```python
def ansible_playbook(ir_workspace, ir_plugin, playbook_path, verbose=None,
                     extra_vars=None, ansible_args=None):

Envuelve la interfaz de línea de comandos (CLI) de 'ansible-playbook'.

:param ir_workspace: Un objeto Infrared Workspace que representa el espacio 
de trabajo activo.
:param ir_plugin: Un objeto InfraredPlugin del plugin actual.
:param playbook_path: La ruta del playbook que se va a ejecutar.
:param verbose: Nivel de verbosidad de Ansible.
:param extra_vars: dict. Se pasa a Ansible como extra-vars.
:param ansible_args: dict de argumentos de ansible-playbook que se pasan 
directamente a Ansible.
```","def ansible_playbook(ir_workspace, ir_plugin, playbook_path, verbose=None, extra_vars=None, ansible_args=None):
""""""
Envuelve la interfaz de línea de comandos (CLI) de 'ansible-playbook'.

:param ir_workspace: Un objeto Infrared Workspace que representa el espacio de trabajo activo.
:param ir_plugin: Un objeto InfraredPlugin del plugin actual.
:param playbook_path: La ruta del playbook que se va a ejecutar.
:param verbose: Nivel de verbosidad de Ansible.
:param extra_vars: dict. Se pasa a Ansible como extra-vars.
:param ansible_args: dict de argumentos de ansible-playbook que se pasan directamente a Ansible.
""""""",['RemoveProgrammingLanguageContext'],"def ansible_playbook(ir_workspace, ir_plugin, playbook_path, verbose=None, extra_vars=None, ansible_args=None):
    """"""
    Envuelve la interfaz de línea de comandos (CLI) de 'ansible-playbook'.

    :param ir_workspace: Un objeto Infrared Workspace que representa el espacio de trabajo activo.
    :param ir_plugin: Un objeto InfraredPlugin del plugin actual.
    :param playbook_path: La ruta del playbook que se va a ejecutar.
    :param verbose: Nivel de verbosidad de Ansible.
    :param extra_vars: dict. Se pasa a Ansible como extra-vars.
    :param ansible_args: dict de argumentos de ansible-playbook que se pasan directamente a Ansible.
    """"""
    import subprocess
    import json

    command = ['ansible-playbook', playbook_path]

    if verbose is not None:
        command.append(f'-v' * verbose)

    if extra_vars:
        extra_vars_str = ' '.join([f'{key}={value}' for key, value in extra_vars.items()])
        command.append(f'--extra-vars={extra_vars_str}')

    if ansible_args:
        for key, value in ansible_args.items():
            command.append(f'--{key}')
            if value is not None:
                command.append(str(value))

    try:
        result = subprocess.run(command, check=True, capture_output=True, text=True)
        return result.stdout
    except subprocess.CalledProcessError as e:
        return f""Error executing playbook: {e.stderr}"""
6306093273426c38ae68ad15,"def _run_playbook(cli_args, vars_dict, ir_workspace, ir_plugin):

Runs ansible cli with vars dict

:param vars_dict: dict, Will be passed as Ansible extra-vars
:param cli_args: the list  of command line arguments
:param ir_workspace: An Infrared Workspace object represents the active
 workspace
:param ir_plugin: An InfraredPlugin object of the current plugin
:return: ansible results","Runs ansible cli with vars dict

:param vars_dict: dict, Will be passed as Ansible extra-vars
:param cli_args: the list  of command line arguments
:param ir_workspace: An Infrared Workspace object represents the active
 workspace
:param ir_plugin: An InfraredPlugin object of the current plugin
:return: ansible results","def _run_playbook(cli_args, vars_dict, ir_workspace, ir_plugin):
","```python
def _run_playbook(cli_args, vars_dict, ir_workspace, ir_plugin):
    """"""
    Ejecuta el CLI de Ansible con un diccionario de variables.

    :param vars_dict: dict, Será pasado como extra-vars de Ansible.
    :param cli_args: la lista de argumentos de línea de comandos.
    :param ir_workspace: Un objeto Infrared Workspace que representa el 
    espacio de trabajo activo.
    :param ir_plugin: Un objeto InfraredPlugin del plugin actual.
    :return: resultados de Ansible.
    """"""
```","def _run_playbook(cli_args, vars_dict, ir_workspace, ir_plugin):
""""""
    Ejecuta el CLI de Ansible con un diccionario de variables.

    :param vars_dict: dict, Será pasado como extra-vars de Ansible.
    :param cli_args: la lista de argumentos de línea de comandos.
    :param ir_workspace: Un objeto Infrared Workspace que representa el 
    espacio de trabajo activo.
    :param ir_plugin: Un objeto InfraredPlugin del plugin actual.
    :return: resultados de Ansible.
""""""","['RemoveProgrammingLanguageContext', 'RemoveEnrichedTextAdditions']","def _run_playbook(cli_args, vars_dict, ir_workspace, ir_plugin):
    """"""
    Ejecuta el CLI de Ansible con un diccionario de variables.

    :param vars_dict: dict, Será pasado como extra-vars de Ansible.
    :param cli_args: la lista de argumentos de línea de comandos.
    :param ir_workspace: Un objeto Infrared Workspace que representa el 
    espacio de trabajo activo.
    :param ir_plugin: Un objeto InfraredPlugin del plugin actual.
    :return: resultados de Ansible.
    """"""
    import subprocess
    import json

    # Convertir el diccionario de variables a un formato JSON
    extra_vars = json.dumps(vars_dict)

    # Construir el comando de Ansible
    command = ['ansible-playbook'] + cli_args + ['--extra-vars', extra_vars]

    # Ejecutar el comando y capturar la salida
    result = subprocess.run(command, capture_output=True, text=True)

    # Procesar la salida
    if result.returncode != 0:
        raise Exception(f""Ansible playbook failed: {result.stderr}"")

    return result.stdout"
63060ada73426c38ae68ad31,"def _convert_non_cli_args(self, parser_name, values_dict):

Casts arguments to correct types by modifying values_dict param.

By default all the values are strings.

:param parser_name: The command name, e.g. main, virsh, ospd, etc
:param values_dict: The dict of with arguments","Casts arguments to correct types by modifying values_dict param.

By default all the values are strings.

:param parser_name: The command name, e.g. main, virsh, ospd, etc
:param values_dict: The dict of with arguments","def _convert_non_cli_args(self, parser_name, values_dict):
","```python
def _convert_non_cli_args(self, parser_name, values_dict):

Convierte los argumentos a los tipos correctos modificando el parámetro values_dict.

Por defecto, todos los valores son cadenas de texto (strings).

:param parser_name: El nombre del comando, por ejemplo: main, virsh, ospd, etc.
:param values_dict: El diccionario con los argumentos.
```","def _convert_non_cli_args(self, parser_name, values_dict):
""""""
Convierte los argumentos a los tipos correctos modificando el parámetro values_dict.

Por defecto, todos los valores son cadenas de texto (strings).

:param parser_name: El nombre del comando, por ejemplo: main, virsh, ospd, etc.
:param values_dict: El diccionario con los argumentos.
""""""",['RemoveProgrammingLanguageContext'],"def _convert_non_cli_args(self, parser_name, values_dict):
    """"""
    Convierte los argumentos a los tipos correctos modificando el parámetro values_dict.

    Por defecto, todos los valores son cadenas de texto (strings).

    :param parser_name: El nombre del comando, por ejemplo: main, virsh, ospd, etc.
    :param values_dict: El diccionario con los argumentos.
    """"""
    for key, value in values_dict.items():
        if value.isdigit():
            values_dict[key] = int(value)
        else:
            try:
                # Attempt to convert to float if it's not an integer
                values_dict[key] = float(value)
            except ValueError:
                # Keep it as string if it can't be converted
                values_dict[key] = value"
63060b1a73426c38ae68ad3e,"Use YAML to read various information in plugin_dir and return the information in dictionary form.
def get_plugin_spec_flatten_dict(plugin_dir):

Creates a flat dict from the plugin spec

:param plugin_dir: A path to the plugin's dir
:return: A flatten dictionary contains the plugin's properties",Use YAML to read various information in plugin_dir and return the information in dictionary form.,"def get_plugin_spec_flatten_dict(plugin_dir):
","Usa YAML para leer diversa información en `plugin_dir` y devolver la información en forma de diccionario.

```python
def get_plugin_spec_flatten_dict(plugin_dir):
```

Crea un diccionario plano a partir de la especificación del plugin.

:param plugin_dir: Una ruta al directorio del plugin  
:return: Un diccionario plano que contiene las propiedades del plugin","def get_plugin_spec_flatten_dict(plugin_dir):
""""""
Crea un diccionario plano a partir de la especificación del plugin.

:param plugin_dir: Una ruta al directorio del plugin  
:return: Un diccionario plano que contiene las propiedades del plugin
""""""",['RemoveProgrammingLanguageContext'],"def get_plugin_spec_flatten_dict(plugin_dir):
    """"""
    Crea un diccionario plano a partir de la especificación del plugin.

    :param plugin_dir: Una ruta al directorio del plugin  
    :return: Un diccionario plano que contiene las propiedades del plugin
    """"""
    import os
    import json

    def flatten_dict(d, parent_key='', sep='_'):
        items = {}
        for k, v in d.items():
            new_key = f""{parent_key}{sep}{k}"" if parent_key else k
            if isinstance(v, dict):
                items.update(flatten_dict(v, new_key, sep=sep))
            else:
                items[new_key] = v
        return items

    plugin_spec_path = os.path.join(plugin_dir, 'plugin_spec.json')
    
    if not os.path.exists(plugin_spec_path):
        raise FileNotFoundError(f""No plugin specification found at {plugin_spec_path}"")

    with open(plugin_spec_path, 'r') as f:
        plugin_spec = json.load(f)

    return flatten_dict(plugin_spec)"
63060b1b73426c38ae68ad42,"If the ANSIBLE_CONFIG property does not exist in os.environ, set it to self.ansible_config_path.
def inject_config(self):

Set the environment variable for config path, if it is undefined.","If the ANSIBLE_CONFIG property does not exist in os.environ, set it to self.ansible_config_path.","def inject_config(self):
","Si la propiedad ANSIBLE_CONFIG no existe en `os.environ`, asígnale el valor de `self.ansible_config_path`.

```python
def inject_config(self):
    """"""
    Establece la variable de entorno para la ruta de configuración si no está definida.
    """"""
```","def inject_config(self):
""""""
    Establece la variable de entorno para la ruta de configuración si no está definida.
""""""","['RemoveProgrammingLanguageContext', 'RemoveEnrichedTextAdditions']","def inject_config(self):
    """"""
    Establece la variable de entorno para la ruta de configuración si no está definida.
    """"""
    import os

    config_path = os.getenv('CONFIG_PATH')
    if config_path is None:
        default_path = '/etc/myapp/config'
        os.environ['CONFIG_PATH'] = default_path"
63060b1b73426c38ae68ad43,"def extend_cli(self, root_subparsers):

Adds the spec cli options to to the main entry point.

:param subparser: the subparser object to extend.","Adds the spec cli options to to the main entry point.

:param subparser: the subparser object to extend.","def extend_cli(self, root_subparsers):
","```python
def extend_cli(self, root_subparsers):
    """"""
    Agrega las opciones de línea de comandos (CLI) de especificación al punto de entrada principal.

    :param subparser: el objeto subparser que se va a extender.
    """"""
```","def extend_cli(self, root_subparsers):
""""""
    Agrega las opciones de línea de comandos (CLI) de especificación al punto de entrada principal.

    :param subparser: el objeto subparser que se va a extender.
""""""","['RemoveProgrammingLanguageContext', 'RemoveEnrichedTextAdditions']","def extend_cli(self, root_subparsers):
    """"""
    Agrega las opciones de línea de comandos (CLI) de especificación al punto de entrada principal.

    :param subparser: el objeto subparser que se va a extender.
    """"""
    # Crear un subcomando para la CLI
    cli_parser = root_subparsers.add_parser('spec', help='Opciones de especificación')
    
    # Agregar opciones al subcomando
    cli_parser.add_argument('--option1', type=str, help='Descripción de la opción 1')
    cli_parser.add_argument('--option2', type=int, help='Descripción de la opción 2')
    cli_parser.add_argument('--flag', action='store_true', help='Descripción de un flag')
    
    # Aquí se pueden agregar más opciones según sea necesario"
62ece4982e6aefcf4aabbd64,"Remove root from path. If fails, throw exception

    Returns:
        A path without root
def strip_root(path, root):

Remove root from path, throw exception on failure.","Remove root from path. If fails, throw exception

    Returns:
        A path without root","def strip_root(path, root):
","Eliminar la raíz de la ruta. Si falla, lanzar una excepción.

    Retorna:
        Una ruta sin la raíz
def strip_root(path, root):

Eliminar la raíz de la ruta, lanzar una excepción en caso de fallo.","def strip_root(path, root):
""""""
Eliminar la raíz de la ruta, lanzar una excepción en caso de fallo.
""""""",[''],"def strip_root(path, root):
    """"""
    Eliminar la raíz de la ruta, lanzar una excepción en caso de fallo.
    """"""
    if not path.startswith(root):
        raise ValueError(""La ruta no comienza con la raíz proporcionada."")
    return path[len(root):]"
